/root/DL_2024_sp4/generation
seq2seq lstm
valid: loss: 2.118, ppl: 286.919
[(-2.22792649269104, '<s>千', tensor([[ 0.0187,  0.0084,  0.0110,  ..., -0.0121,  0.0124, -0.0117],
        [ 0.0143,  0.0066,  0.0058,  ..., -0.0328,  0.0277, -0.0509]],
       device='cuda:0'), False), (-1.8942147493362427, '<s>一', tensor([[ 0.0187,  0.0084,  0.0110,  ..., -0.0121,  0.0124, -0.0117],
        [ 0.0046,  0.0095, -0.0148,  ..., -0.0366,  0.0465, -0.0590]],
       device='cuda:0'), False)]
[(-4.316692431767781, '<s>一海', tensor([[ 0.0187,  0.0084,  0.0110,  ..., -0.0121,  0.0124, -0.0117],
        [ 0.0046,  0.0095, -0.0148,  ..., -0.0366,  0.0465, -0.0590],
        [-0.0128, -0.0193, -0.0251,  ...,  0.0113, -0.0119,  0.0031]],
       device='cuda:0'), False), (-4.0957785447438555, '<s>一里', tensor([[ 0.0187,  0.0084,  0.0110,  ..., -0.0121,  0.0124, -0.0117],
        [ 0.0046,  0.0095, -0.0148,  ..., -0.0366,  0.0465, -0.0590],
        [-0.0014, -0.0003, -0.0033,  ...,  0.0037, -0.0049, -0.0081]],
       device='cuda:0'), False)]
[(-5.990604996681213, '<s>一海、', tensor([[ 0.0187,  0.0084,  0.0110,  ..., -0.0121,  0.0124, -0.0117],
        [ 0.0046,  0.0095, -0.0148,  ..., -0.0366,  0.0465, -0.0590],
        [-0.0128, -0.0193, -0.0251,  ...,  0.0113, -0.0119,  0.0031],
        [ 0.0103, -0.0089, -0.0112,  ..., -0.0180,  0.0066, -0.0363]],
       device='cuda:0'), False), (-5.824919760227203, '<s>一里、', tensor([[ 0.0187,  0.0084,  0.0110,  ..., -0.0121,  0.0124, -0.0117],
        [ 0.0046,  0.0095, -0.0148,  ..., -0.0366,  0.0465, -0.0590],
        [-0.0014, -0.0003, -0.0033,  ...,  0.0037, -0.0049, -0.0081],
        [ 0.0103, -0.0089, -0.0112,  ..., -0.0180,  0.0066, -0.0363]],
       device='cuda:0'), False)]
[(-7.104946422576905, '<s>一海、、', tensor([[ 0.0187,  0.0084,  0.0110,  ..., -0.0121,  0.0124, -0.0117],
        [ 0.0046,  0.0095, -0.0148,  ..., -0.0366,  0.0465, -0.0590],
        [-0.0128, -0.0193, -0.0251,  ...,  0.0113, -0.0119,  0.0031],
        [ 0.0103, -0.0089, -0.0112,  ..., -0.0180,  0.0066, -0.0363],
        [ 0.0103, -0.0089, -0.0112,  ..., -0.0180,  0.0066, -0.0363]],
       device='cuda:0'), False), (-6.9723974704742435, '<s>一里、、', tensor([[ 0.0187,  0.0084,  0.0110,  ..., -0.0121,  0.0124, -0.0117],
        [ 0.0046,  0.0095, -0.0148,  ..., -0.0366,  0.0465, -0.0590],
        [-0.0014, -0.0003, -0.0033,  ...,  0.0037, -0.0049, -0.0081],
        [ 0.0103, -0.0089, -0.0112,  ..., -0.0180,  0.0066, -0.0363],
        [ 0.0103, -0.0089, -0.0112,  ..., -0.0180,  0.0066, -0.0363]],
       device='cuda:0'), False)]
[(-9.074647068977358, '<s>一海、、、', tensor([[ 0.0187,  0.0084,  0.0110,  ..., -0.0121,  0.0124, -0.0117],
        [ 0.0046,  0.0095, -0.0148,  ..., -0.0366,  0.0465, -0.0590],
        [-0.0128, -0.0193, -0.0251,  ...,  0.0113, -0.0119,  0.0031],
        [ 0.0103, -0.0089, -0.0112,  ..., -0.0180,  0.0066, -0.0363],
        [ 0.0103, -0.0089, -0.0112,  ..., -0.0180,  0.0066, -0.0363],
        [ 0.0103, -0.0089, -0.0112,  ..., -0.0180,  0.0066, -0.0363]],
       device='cuda:0'), False), (-8.964184641838074, '<s>一里、、、', tensor([[ 0.0187,  0.0084,  0.0110,  ..., -0.0121,  0.0124, -0.0117],
        [ 0.0046,  0.0095, -0.0148,  ..., -0.0366,  0.0465, -0.0590],
        [-0.0014, -0.0003, -0.0033,  ...,  0.0037, -0.0049, -0.0081],
        [ 0.0103, -0.0089, -0.0112,  ..., -0.0180,  0.0066, -0.0363],
        [ 0.0103, -0.0089, -0.0112,  ..., -0.0180,  0.0066, -0.0363],
        [ 0.0103, -0.0089, -0.0112,  ..., -0.0180,  0.0066, -0.0363]],
       device='cuda:0'), False)]
[(-10.999940156936647, '<s>一海、、、风', tensor([[ 0.0187,  0.0084,  0.0110,  ..., -0.0121,  0.0124, -0.0117],
        [ 0.0046,  0.0095, -0.0148,  ..., -0.0366,  0.0465, -0.0590],
        [-0.0128, -0.0193, -0.0251,  ...,  0.0113, -0.0119,  0.0031],
        ...,
        [ 0.0103, -0.0089, -0.0112,  ..., -0.0180,  0.0066, -0.0363],
        [ 0.0103, -0.0089, -0.0112,  ..., -0.0180,  0.0066, -0.0363],
        [ 0.0153,  0.0030,  0.0135,  ..., -0.0114,  0.0097, -0.0215]],
       device='cuda:0'), False), (-10.90526134627206, '<s>一里、、、风', tensor([[ 0.0187,  0.0084,  0.0110,  ..., -0.0121,  0.0124, -0.0117],
        [ 0.0046,  0.0095, -0.0148,  ..., -0.0366,  0.0465, -0.0590],
        [-0.0014, -0.0003, -0.0033,  ...,  0.0037, -0.0049, -0.0081],
        ...,
        [ 0.0103, -0.0089, -0.0112,  ..., -0.0180,  0.0066, -0.0363],
        [ 0.0103, -0.0089, -0.0112,  ..., -0.0180,  0.0066, -0.0363],
        [ 0.0153,  0.0030,  0.0135,  ..., -0.0114,  0.0097, -0.0215]],
       device='cuda:0'), False)]
[(-10.816155642271044, '<s>一海、、、风，', tensor([[ 0.0187,  0.0084,  0.0110,  ..., -0.0121,  0.0124, -0.0117],
        [ 0.0046,  0.0095, -0.0148,  ..., -0.0366,  0.0465, -0.0590],
        [-0.0128, -0.0193, -0.0251,  ...,  0.0113, -0.0119,  0.0031],
        ...,
        [ 0.0103, -0.0089, -0.0112,  ..., -0.0180,  0.0066, -0.0363],
        [ 0.0153,  0.0030,  0.0135,  ..., -0.0114,  0.0097, -0.0215],
        [ 0.0640,  0.0712,  0.0576,  ..., -0.0713,  0.0663, -0.0912]],
       device='cuda:0'), False), (-10.733375623822212, '<s>一里、、、风，', tensor([[ 0.0187,  0.0084,  0.0110,  ..., -0.0121,  0.0124, -0.0117],
        [ 0.0046,  0.0095, -0.0148,  ..., -0.0366,  0.0465, -0.0590],
        [-0.0014, -0.0003, -0.0033,  ...,  0.0037, -0.0049, -0.0081],
        ...,
        [ 0.0103, -0.0089, -0.0112,  ..., -0.0180,  0.0066, -0.0363],
        [ 0.0153,  0.0030,  0.0135,  ..., -0.0114,  0.0097, -0.0215],
        [ 0.0640,  0.0712,  0.0576,  ..., -0.0713,  0.0663, -0.0912]],
       device='cuda:0'), False)]
[(-12.910559521781074, '<s>一海、、、风，一', tensor([[ 0.0187,  0.0084,  0.0110,  ..., -0.0121,  0.0124, -0.0117],
        [ 0.0046,  0.0095, -0.0148,  ..., -0.0366,  0.0465, -0.0590],
        [-0.0128, -0.0193, -0.0251,  ...,  0.0113, -0.0119,  0.0031],
        ...,
        [ 0.0153,  0.0030,  0.0135,  ..., -0.0114,  0.0097, -0.0215],
        [ 0.0640,  0.0712,  0.0576,  ..., -0.0713,  0.0663, -0.0912],
        [ 0.0046,  0.0095, -0.0148,  ..., -0.0366,  0.0465, -0.0590]],
       device='cuda:0'), False), (-12.836906711260477, '<s>一里、、、风，一', tensor([[ 0.0187,  0.0084,  0.0110,  ..., -0.0121,  0.0124, -0.0117],
        [ 0.0046,  0.0095, -0.0148,  ..., -0.0366,  0.0465, -0.0590],
        [-0.0014, -0.0003, -0.0033,  ...,  0.0037, -0.0049, -0.0081],
        ...,
        [ 0.0153,  0.0030,  0.0135,  ..., -0.0114,  0.0097, -0.0215],
        [ 0.0640,  0.0712,  0.0576,  ..., -0.0713,  0.0663, -0.0912],
        [ 0.0046,  0.0095, -0.0148,  ..., -0.0366,  0.0465, -0.0590]],
       device='cuda:0'), False)]
[(-15.27535960674286, '<s>一海、、、风，一来', tensor([[ 0.0187,  0.0084,  0.0110,  ..., -0.0121,  0.0124, -0.0117],
        [ 0.0046,  0.0095, -0.0148,  ..., -0.0366,  0.0465, -0.0590],
        [-0.0128, -0.0193, -0.0251,  ...,  0.0113, -0.0119,  0.0031],
        ...,
        [ 0.0640,  0.0712,  0.0576,  ..., -0.0713,  0.0663, -0.0912],
        [ 0.0046,  0.0095, -0.0148,  ..., -0.0366,  0.0465, -0.0590],
        [ 0.0174,  0.0052,  0.0062,  ..., -0.0045,  0.0119, -0.0151]],
       device='cuda:0'), False), (-15.20901800394058, '<s>一里、、、风，一来', tensor([[ 0.0187,  0.0084,  0.0110,  ..., -0.0121,  0.0124, -0.0117],
        [ 0.0046,  0.0095, -0.0148,  ..., -0.0366,  0.0465, -0.0590],
        [-0.0014, -0.0003, -0.0033,  ...,  0.0037, -0.0049, -0.0081],
        ...,
        [ 0.0640,  0.0712,  0.0576,  ..., -0.0713,  0.0663, -0.0912],
        [ 0.0046,  0.0095, -0.0148,  ..., -0.0366,  0.0465, -0.0590],
        [ 0.0174,  0.0052,  0.0062,  ..., -0.0045,  0.0119, -0.0151]],
       device='cuda:0'), False)]
[(-17.399805036458098, '<s>一里、、、风，一来</s>', tensor([[ 0.0187,  0.0084,  0.0110,  ..., -0.0121,  0.0124, -0.0117],
        [ 0.0046,  0.0095, -0.0148,  ..., -0.0366,  0.0465, -0.0590],
        [-0.0014, -0.0003, -0.0033,  ...,  0.0037, -0.0049, -0.0081],
        ...,
        [ 0.0046,  0.0095, -0.0148,  ..., -0.0366,  0.0465, -0.0590],
        [ 0.0174,  0.0052,  0.0062,  ..., -0.0045,  0.0119, -0.0151],
        [-0.0023, -0.0046, -0.0059,  ..., -0.0009,  0.0055, -0.0107]],
       device='cuda:0'), True), (-17.35515487194061, '<s>一里、、、风，一来天', tensor([[ 0.0187,  0.0084,  0.0110,  ..., -0.0121,  0.0124, -0.0117],
        [ 0.0046,  0.0095, -0.0148,  ..., -0.0366,  0.0465, -0.0590],
        [-0.0014, -0.0003, -0.0033,  ...,  0.0037, -0.0049, -0.0081],
        ...,
        [ 0.0046,  0.0095, -0.0148,  ..., -0.0366,  0.0465, -0.0590],
        [ 0.0174,  0.0052,  0.0062,  ..., -0.0045,  0.0119, -0.0151],
        [ 0.0138,  0.0084,  0.0154,  ..., -0.0062,  0.0129, -0.0135]],
       device='cuda:0'), False)]
[(-17.399805036458098, '<s>一里、、、风，一来</s>', tensor([[ 0.0187,  0.0084,  0.0110,  ..., -0.0121,  0.0124, -0.0117],
        [ 0.0046,  0.0095, -0.0148,  ..., -0.0366,  0.0465, -0.0590],
        [-0.0014, -0.0003, -0.0033,  ...,  0.0037, -0.0049, -0.0081],
        ...,
        [ 0.0046,  0.0095, -0.0148,  ..., -0.0366,  0.0465, -0.0590],
        [ 0.0174,  0.0052,  0.0062,  ..., -0.0045,  0.0119, -0.0151],
        [-0.0023, -0.0046, -0.0059,  ..., -0.0009,  0.0055, -0.0107]],
       device='cuda:0'), True), (-15.909320552280402, '<s>一里、、、风，一来天</s>', tensor([[ 0.0187,  0.0084,  0.0110,  ..., -0.0121,  0.0124, -0.0117],
        [ 0.0046,  0.0095, -0.0148,  ..., -0.0366,  0.0465, -0.0590],
        [-0.0014, -0.0003, -0.0033,  ...,  0.0037, -0.0049, -0.0081],
        ...,
        [ 0.0174,  0.0052,  0.0062,  ..., -0.0045,  0.0119, -0.0151],
        [ 0.0138,  0.0084,  0.0154,  ..., -0.0062,  0.0129, -0.0135],
        [-0.0023, -0.0046, -0.0059,  ..., -0.0009,  0.0055, -0.0107]],
       device='cuda:0'), True)]
[(-17.399805036458098, '<s>一里、、、风，一来</s>', tensor([[ 0.0187,  0.0084,  0.0110,  ..., -0.0121,  0.0124, -0.0117],
        [ 0.0046,  0.0095, -0.0148,  ..., -0.0366,  0.0465, -0.0590],
        [-0.0014, -0.0003, -0.0033,  ...,  0.0037, -0.0049, -0.0081],
        ...,
        [ 0.0046,  0.0095, -0.0148,  ..., -0.0366,  0.0465, -0.0590],
        [ 0.0174,  0.0052,  0.0062,  ..., -0.0045,  0.0119, -0.0151],
        [-0.0023, -0.0046, -0.0059,  ..., -0.0009,  0.0055, -0.0107]],
       device='cuda:0'), True), (-15.909320552280402, '<s>一里、、、风，一来天</s>', tensor([[ 0.0187,  0.0084,  0.0110,  ..., -0.0121,  0.0124, -0.0117],
        [ 0.0046,  0.0095, -0.0148,  ..., -0.0366,  0.0465, -0.0590],
        [-0.0014, -0.0003, -0.0033,  ...,  0.0037, -0.0049, -0.0081],
        ...,
        [ 0.0174,  0.0052,  0.0062,  ..., -0.0045,  0.0119, -0.0151],
        [ 0.0138,  0.0084,  0.0154,  ..., -0.0062,  0.0129, -0.0135],
        [-0.0023, -0.0046, -0.0059,  ..., -0.0009,  0.0055, -0.0107]],
       device='cuda:0'), True)]
[(-17.399805036458098, '<s>一里、、、风，一来</s>', tensor([[ 0.0187,  0.0084,  0.0110,  ..., -0.0121,  0.0124, -0.0117],
        [ 0.0046,  0.0095, -0.0148,  ..., -0.0366,  0.0465, -0.0590],
        [-0.0014, -0.0003, -0.0033,  ...,  0.0037, -0.0049, -0.0081],
        ...,
        [ 0.0046,  0.0095, -0.0148,  ..., -0.0366,  0.0465, -0.0590],
        [ 0.0174,  0.0052,  0.0062,  ..., -0.0045,  0.0119, -0.0151],
        [-0.0023, -0.0046, -0.0059,  ..., -0.0009,  0.0055, -0.0107]],
       device='cuda:0'), True), (-15.909320552280402, '<s>一里、、、风，一来天</s>', tensor([[ 0.0187,  0.0084,  0.0110,  ..., -0.0121,  0.0124, -0.0117],
        [ 0.0046,  0.0095, -0.0148,  ..., -0.0366,  0.0465, -0.0590],
        [-0.0014, -0.0003, -0.0033,  ...,  0.0037, -0.0049, -0.0081],
        ...,
        [ 0.0174,  0.0052,  0.0062,  ..., -0.0045,  0.0119, -0.0151],
        [ 0.0138,  0.0084,  0.0154,  ..., -0.0062,  0.0129, -0.0135],
        [-0.0023, -0.0046, -0.0059,  ..., -0.0009,  0.0055, -0.0107]],
       device='cuda:0'), True)]
[(-17.399805036458098, '<s>一里、、、风，一来</s>', tensor([[ 0.0187,  0.0084,  0.0110,  ..., -0.0121,  0.0124, -0.0117],
        [ 0.0046,  0.0095, -0.0148,  ..., -0.0366,  0.0465, -0.0590],
        [-0.0014, -0.0003, -0.0033,  ...,  0.0037, -0.0049, -0.0081],
        ...,
        [ 0.0046,  0.0095, -0.0148,  ..., -0.0366,  0.0465, -0.0590],
        [ 0.0174,  0.0052,  0.0062,  ..., -0.0045,  0.0119, -0.0151],
        [-0.0023, -0.0046, -0.0059,  ..., -0.0009,  0.0055, -0.0107]],
       device='cuda:0'), True), (-15.909320552280402, '<s>一里、、、风，一来天</s>', tensor([[ 0.0187,  0.0084,  0.0110,  ..., -0.0121,  0.0124, -0.0117],
        [ 0.0046,  0.0095, -0.0148,  ..., -0.0366,  0.0465, -0.0590],
        [-0.0014, -0.0003, -0.0033,  ...,  0.0037, -0.0049, -0.0081],
        ...,
        [ 0.0174,  0.0052,  0.0062,  ..., -0.0045,  0.0119, -0.0151],
        [ 0.0138,  0.0084,  0.0154,  ..., -0.0062,  0.0129, -0.0135],
        [-0.0023, -0.0046, -0.0059,  ..., -0.0009,  0.0055, -0.0107]],
       device='cuda:0'), True)]
[(-17.399805036458098, '<s>一里、、、风，一来</s>', tensor([[ 0.0187,  0.0084,  0.0110,  ..., -0.0121,  0.0124, -0.0117],
        [ 0.0046,  0.0095, -0.0148,  ..., -0.0366,  0.0465, -0.0590],
        [-0.0014, -0.0003, -0.0033,  ...,  0.0037, -0.0049, -0.0081],
        ...,
        [ 0.0046,  0.0095, -0.0148,  ..., -0.0366,  0.0465, -0.0590],
        [ 0.0174,  0.0052,  0.0062,  ..., -0.0045,  0.0119, -0.0151],
        [-0.0023, -0.0046, -0.0059,  ..., -0.0009,  0.0055, -0.0107]],
       device='cuda:0'), True), (-15.909320552280402, '<s>一里、、、风，一来天</s>', tensor([[ 0.0187,  0.0084,  0.0110,  ..., -0.0121,  0.0124, -0.0117],
        [ 0.0046,  0.0095, -0.0148,  ..., -0.0366,  0.0465, -0.0590],
        [-0.0014, -0.0003, -0.0033,  ...,  0.0037, -0.0049, -0.0081],
        ...,
        [ 0.0174,  0.0052,  0.0062,  ..., -0.0045,  0.0119, -0.0151],
        [ 0.0138,  0.0084,  0.0154,  ..., -0.0062,  0.0129, -0.0135],
        [-0.0023, -0.0046, -0.0059,  ..., -0.0009,  0.0055, -0.0107]],
       device='cuda:0'), True)]
[(-17.399805036458098, '<s>一里、、、风，一来</s>', tensor([[ 0.0187,  0.0084,  0.0110,  ..., -0.0121,  0.0124, -0.0117],
        [ 0.0046,  0.0095, -0.0148,  ..., -0.0366,  0.0465, -0.0590],
        [-0.0014, -0.0003, -0.0033,  ...,  0.0037, -0.0049, -0.0081],
        ...,
        [ 0.0046,  0.0095, -0.0148,  ..., -0.0366,  0.0465, -0.0590],
        [ 0.0174,  0.0052,  0.0062,  ..., -0.0045,  0.0119, -0.0151],
        [-0.0023, -0.0046, -0.0059,  ..., -0.0009,  0.0055, -0.0107]],
       device='cuda:0'), True), (-15.909320552280402, '<s>一里、、、风，一来天</s>', tensor([[ 0.0187,  0.0084,  0.0110,  ..., -0.0121,  0.0124, -0.0117],
        [ 0.0046,  0.0095, -0.0148,  ..., -0.0366,  0.0465, -0.0590],
        [-0.0014, -0.0003, -0.0033,  ...,  0.0037, -0.0049, -0.0081],
        ...,
        [ 0.0174,  0.0052,  0.0062,  ..., -0.0045,  0.0119, -0.0151],
        [ 0.0138,  0.0084,  0.0154,  ..., -0.0062,  0.0129, -0.0135],
        [-0.0023, -0.0046, -0.0059,  ..., -0.0009,  0.0055, -0.0107]],
       device='cuda:0'), True)]
[(-17.399805036458098, '<s>一里、、、风，一来</s>', tensor([[ 0.0187,  0.0084,  0.0110,  ..., -0.0121,  0.0124, -0.0117],
        [ 0.0046,  0.0095, -0.0148,  ..., -0.0366,  0.0465, -0.0590],
        [-0.0014, -0.0003, -0.0033,  ...,  0.0037, -0.0049, -0.0081],
        ...,
        [ 0.0046,  0.0095, -0.0148,  ..., -0.0366,  0.0465, -0.0590],
        [ 0.0174,  0.0052,  0.0062,  ..., -0.0045,  0.0119, -0.0151],
        [-0.0023, -0.0046, -0.0059,  ..., -0.0009,  0.0055, -0.0107]],
       device='cuda:0'), True), (-15.909320552280402, '<s>一里、、、风，一来天</s>', tensor([[ 0.0187,  0.0084,  0.0110,  ..., -0.0121,  0.0124, -0.0117],
        [ 0.0046,  0.0095, -0.0148,  ..., -0.0366,  0.0465, -0.0590],
        [-0.0014, -0.0003, -0.0033,  ...,  0.0037, -0.0049, -0.0081],
        ...,
        [ 0.0174,  0.0052,  0.0062,  ..., -0.0045,  0.0119, -0.0151],
        [ 0.0138,  0.0084,  0.0154,  ..., -0.0062,  0.0129, -0.0135],
        [-0.0023, -0.0046, -0.0059,  ..., -0.0009,  0.0055, -0.0107]],
       device='cuda:0'), True)]
[(-17.399805036458098, '<s>一里、、、风，一来</s>', tensor([[ 0.0187,  0.0084,  0.0110,  ..., -0.0121,  0.0124, -0.0117],
        [ 0.0046,  0.0095, -0.0148,  ..., -0.0366,  0.0465, -0.0590],
        [-0.0014, -0.0003, -0.0033,  ...,  0.0037, -0.0049, -0.0081],
        ...,
        [ 0.0046,  0.0095, -0.0148,  ..., -0.0366,  0.0465, -0.0590],
        [ 0.0174,  0.0052,  0.0062,  ..., -0.0045,  0.0119, -0.0151],
        [-0.0023, -0.0046, -0.0059,  ..., -0.0009,  0.0055, -0.0107]],
       device='cuda:0'), True), (-15.909320552280402, '<s>一里、、、风，一来天</s>', tensor([[ 0.0187,  0.0084,  0.0110,  ..., -0.0121,  0.0124, -0.0117],
        [ 0.0046,  0.0095, -0.0148,  ..., -0.0366,  0.0465, -0.0590],
        [-0.0014, -0.0003, -0.0033,  ...,  0.0037, -0.0049, -0.0081],
        ...,
        [ 0.0174,  0.0052,  0.0062,  ..., -0.0045,  0.0119, -0.0151],
        [ 0.0138,  0.0084,  0.0154,  ..., -0.0062,  0.0129, -0.0135],
        [-0.0023, -0.0046, -0.0059,  ..., -0.0009,  0.0055, -0.0107]],
       device='cuda:0'), True)]
[(-17.399805036458098, '<s>一里、、、风，一来</s>', tensor([[ 0.0187,  0.0084,  0.0110,  ..., -0.0121,  0.0124, -0.0117],
        [ 0.0046,  0.0095, -0.0148,  ..., -0.0366,  0.0465, -0.0590],
        [-0.0014, -0.0003, -0.0033,  ...,  0.0037, -0.0049, -0.0081],
        ...,
        [ 0.0046,  0.0095, -0.0148,  ..., -0.0366,  0.0465, -0.0590],
        [ 0.0174,  0.0052,  0.0062,  ..., -0.0045,  0.0119, -0.0151],
        [-0.0023, -0.0046, -0.0059,  ..., -0.0009,  0.0055, -0.0107]],
       device='cuda:0'), True), (-15.909320552280402, '<s>一里、、、风，一来天</s>', tensor([[ 0.0187,  0.0084,  0.0110,  ..., -0.0121,  0.0124, -0.0117],
        [ 0.0046,  0.0095, -0.0148,  ..., -0.0366,  0.0465, -0.0590],
        [-0.0014, -0.0003, -0.0033,  ...,  0.0037, -0.0049, -0.0081],
        ...,
        [ 0.0174,  0.0052,  0.0062,  ..., -0.0045,  0.0119, -0.0151],
        [ 0.0138,  0.0084,  0.0154,  ..., -0.0062,  0.0129, -0.0135],
        [-0.0023, -0.0046, -0.0059,  ..., -0.0009,  0.0055, -0.0107]],
       device='cuda:0'), True)]
[(-17.399805036458098, '<s>一里、、、风，一来</s>', tensor([[ 0.0187,  0.0084,  0.0110,  ..., -0.0121,  0.0124, -0.0117],
        [ 0.0046,  0.0095, -0.0148,  ..., -0.0366,  0.0465, -0.0590],
        [-0.0014, -0.0003, -0.0033,  ...,  0.0037, -0.0049, -0.0081],
        ...,
        [ 0.0046,  0.0095, -0.0148,  ..., -0.0366,  0.0465, -0.0590],
        [ 0.0174,  0.0052,  0.0062,  ..., -0.0045,  0.0119, -0.0151],
        [-0.0023, -0.0046, -0.0059,  ..., -0.0009,  0.0055, -0.0107]],
       device='cuda:0'), True), (-15.909320552280402, '<s>一里、、、风，一来天</s>', tensor([[ 0.0187,  0.0084,  0.0110,  ..., -0.0121,  0.0124, -0.0117],
        [ 0.0046,  0.0095, -0.0148,  ..., -0.0366,  0.0465, -0.0590],
        [-0.0014, -0.0003, -0.0033,  ...,  0.0037, -0.0049, -0.0081],
        ...,
        [ 0.0174,  0.0052,  0.0062,  ..., -0.0045,  0.0119, -0.0151],
        [ 0.0138,  0.0084,  0.0154,  ..., -0.0062,  0.0129, -0.0135],
        [-0.0023, -0.0046, -0.0059,  ..., -0.0009,  0.0055, -0.0107]],
       device='cuda:0'), True)]
[(-17.399805036458098, '<s>一里、、、风，一来</s>', tensor([[ 0.0187,  0.0084,  0.0110,  ..., -0.0121,  0.0124, -0.0117],
        [ 0.0046,  0.0095, -0.0148,  ..., -0.0366,  0.0465, -0.0590],
        [-0.0014, -0.0003, -0.0033,  ...,  0.0037, -0.0049, -0.0081],
        ...,
        [ 0.0046,  0.0095, -0.0148,  ..., -0.0366,  0.0465, -0.0590],
        [ 0.0174,  0.0052,  0.0062,  ..., -0.0045,  0.0119, -0.0151],
        [-0.0023, -0.0046, -0.0059,  ..., -0.0009,  0.0055, -0.0107]],
       device='cuda:0'), True), (-15.909320552280402, '<s>一里、、、风，一来天</s>', tensor([[ 0.0187,  0.0084,  0.0110,  ..., -0.0121,  0.0124, -0.0117],
        [ 0.0046,  0.0095, -0.0148,  ..., -0.0366,  0.0465, -0.0590],
        [-0.0014, -0.0003, -0.0033,  ...,  0.0037, -0.0049, -0.0081],
        ...,
        [ 0.0174,  0.0052,  0.0062,  ..., -0.0045,  0.0119, -0.0151],
        [ 0.0138,  0.0084,  0.0154,  ..., -0.0062,  0.0129, -0.0135],
        [-0.0023, -0.0046, -0.0059,  ..., -0.0009,  0.0055, -0.0107]],
       device='cuda:0'), True)]
[(-17.399805036458098, '<s>一里、、、风，一来</s>', tensor([[ 0.0187,  0.0084,  0.0110,  ..., -0.0121,  0.0124, -0.0117],
        [ 0.0046,  0.0095, -0.0148,  ..., -0.0366,  0.0465, -0.0590],
        [-0.0014, -0.0003, -0.0033,  ...,  0.0037, -0.0049, -0.0081],
        ...,
        [ 0.0046,  0.0095, -0.0148,  ..., -0.0366,  0.0465, -0.0590],
        [ 0.0174,  0.0052,  0.0062,  ..., -0.0045,  0.0119, -0.0151],
        [-0.0023, -0.0046, -0.0059,  ..., -0.0009,  0.0055, -0.0107]],
       device='cuda:0'), True), (-15.909320552280402, '<s>一里、、、风，一来天</s>', tensor([[ 0.0187,  0.0084,  0.0110,  ..., -0.0121,  0.0124, -0.0117],
        [ 0.0046,  0.0095, -0.0148,  ..., -0.0366,  0.0465, -0.0590],
        [-0.0014, -0.0003, -0.0033,  ...,  0.0037, -0.0049, -0.0081],
        ...,
        [ 0.0174,  0.0052,  0.0062,  ..., -0.0045,  0.0119, -0.0151],
        [ 0.0138,  0.0084,  0.0154,  ..., -0.0062,  0.0129, -0.0135],
        [-0.0023, -0.0046, -0.0059,  ..., -0.0009,  0.0055, -0.0107]],
       device='cuda:0'), True)]
[(-17.399805036458098, '<s>一里、、、风，一来</s>', tensor([[ 0.0187,  0.0084,  0.0110,  ..., -0.0121,  0.0124, -0.0117],
        [ 0.0046,  0.0095, -0.0148,  ..., -0.0366,  0.0465, -0.0590],
        [-0.0014, -0.0003, -0.0033,  ...,  0.0037, -0.0049, -0.0081],
        ...,
        [ 0.0046,  0.0095, -0.0148,  ..., -0.0366,  0.0465, -0.0590],
        [ 0.0174,  0.0052,  0.0062,  ..., -0.0045,  0.0119, -0.0151],
        [-0.0023, -0.0046, -0.0059,  ..., -0.0009,  0.0055, -0.0107]],
       device='cuda:0'), True), (-15.909320552280402, '<s>一里、、、风，一来天</s>', tensor([[ 0.0187,  0.0084,  0.0110,  ..., -0.0121,  0.0124, -0.0117],
        [ 0.0046,  0.0095, -0.0148,  ..., -0.0366,  0.0465, -0.0590],
        [-0.0014, -0.0003, -0.0033,  ...,  0.0037, -0.0049, -0.0081],
        ...,
        [ 0.0174,  0.0052,  0.0062,  ..., -0.0045,  0.0119, -0.0151],
        [ 0.0138,  0.0084,  0.0154,  ..., -0.0062,  0.0129, -0.0135],
        [-0.0023, -0.0046, -0.0059,  ..., -0.0009,  0.0055, -0.0107]],
       device='cuda:0'), True)]
[(-17.399805036458098, '<s>一里、、、风，一来</s>', tensor([[ 0.0187,  0.0084,  0.0110,  ..., -0.0121,  0.0124, -0.0117],
        [ 0.0046,  0.0095, -0.0148,  ..., -0.0366,  0.0465, -0.0590],
        [-0.0014, -0.0003, -0.0033,  ...,  0.0037, -0.0049, -0.0081],
        ...,
        [ 0.0046,  0.0095, -0.0148,  ..., -0.0366,  0.0465, -0.0590],
        [ 0.0174,  0.0052,  0.0062,  ..., -0.0045,  0.0119, -0.0151],
        [-0.0023, -0.0046, -0.0059,  ..., -0.0009,  0.0055, -0.0107]],
       device='cuda:0'), True), (-15.909320552280402, '<s>一里、、、风，一来天</s>', tensor([[ 0.0187,  0.0084,  0.0110,  ..., -0.0121,  0.0124, -0.0117],
        [ 0.0046,  0.0095, -0.0148,  ..., -0.0366,  0.0465, -0.0590],
        [-0.0014, -0.0003, -0.0033,  ...,  0.0037, -0.0049, -0.0081],
        ...,
        [ 0.0174,  0.0052,  0.0062,  ..., -0.0045,  0.0119, -0.0151],
        [ 0.0138,  0.0084,  0.0154,  ..., -0.0062,  0.0129, -0.0135],
        [-0.0023, -0.0046, -0.0059,  ..., -0.0009,  0.0055, -0.0107]],
       device='cuda:0'), True)]
[(-17.399805036458098, '<s>一里、、、风，一来</s>', tensor([[ 0.0187,  0.0084,  0.0110,  ..., -0.0121,  0.0124, -0.0117],
        [ 0.0046,  0.0095, -0.0148,  ..., -0.0366,  0.0465, -0.0590],
        [-0.0014, -0.0003, -0.0033,  ...,  0.0037, -0.0049, -0.0081],
        ...,
        [ 0.0046,  0.0095, -0.0148,  ..., -0.0366,  0.0465, -0.0590],
        [ 0.0174,  0.0052,  0.0062,  ..., -0.0045,  0.0119, -0.0151],
        [-0.0023, -0.0046, -0.0059,  ..., -0.0009,  0.0055, -0.0107]],
       device='cuda:0'), True), (-15.909320552280402, '<s>一里、、、风，一来天</s>', tensor([[ 0.0187,  0.0084,  0.0110,  ..., -0.0121,  0.0124, -0.0117],
        [ 0.0046,  0.0095, -0.0148,  ..., -0.0366,  0.0465, -0.0590],
        [-0.0014, -0.0003, -0.0033,  ...,  0.0037, -0.0049, -0.0081],
        ...,
        [ 0.0174,  0.0052,  0.0062,  ..., -0.0045,  0.0119, -0.0151],
        [ 0.0138,  0.0084,  0.0154,  ..., -0.0062,  0.0129, -0.0135],
        [-0.0023, -0.0046, -0.0059,  ..., -0.0009,  0.0055, -0.0107]],
       device='cuda:0'), True)]
[(-17.399805036458098, '<s>一里、、、风，一来</s>', tensor([[ 0.0187,  0.0084,  0.0110,  ..., -0.0121,  0.0124, -0.0117],
        [ 0.0046,  0.0095, -0.0148,  ..., -0.0366,  0.0465, -0.0590],
        [-0.0014, -0.0003, -0.0033,  ...,  0.0037, -0.0049, -0.0081],
        ...,
        [ 0.0046,  0.0095, -0.0148,  ..., -0.0366,  0.0465, -0.0590],
        [ 0.0174,  0.0052,  0.0062,  ..., -0.0045,  0.0119, -0.0151],
        [-0.0023, -0.0046, -0.0059,  ..., -0.0009,  0.0055, -0.0107]],
       device='cuda:0'), True), (-15.909320552280402, '<s>一里、、、风，一来天</s>', tensor([[ 0.0187,  0.0084,  0.0110,  ..., -0.0121,  0.0124, -0.0117],
        [ 0.0046,  0.0095, -0.0148,  ..., -0.0366,  0.0465, -0.0590],
        [-0.0014, -0.0003, -0.0033,  ...,  0.0037, -0.0049, -0.0081],
        ...,
        [ 0.0174,  0.0052,  0.0062,  ..., -0.0045,  0.0119, -0.0151],
        [ 0.0138,  0.0084,  0.0154,  ..., -0.0062,  0.0129, -0.0135],
        [-0.0023, -0.0046, -0.0059,  ..., -0.0009,  0.0055, -0.0107]],
       device='cuda:0'), True)]
[(-17.399805036458098, '<s>一里、、、风，一来</s>', tensor([[ 0.0187,  0.0084,  0.0110,  ..., -0.0121,  0.0124, -0.0117],
        [ 0.0046,  0.0095, -0.0148,  ..., -0.0366,  0.0465, -0.0590],
        [-0.0014, -0.0003, -0.0033,  ...,  0.0037, -0.0049, -0.0081],
        ...,
        [ 0.0046,  0.0095, -0.0148,  ..., -0.0366,  0.0465, -0.0590],
        [ 0.0174,  0.0052,  0.0062,  ..., -0.0045,  0.0119, -0.0151],
        [-0.0023, -0.0046, -0.0059,  ..., -0.0009,  0.0055, -0.0107]],
       device='cuda:0'), True), (-15.909320552280402, '<s>一里、、、风，一来天</s>', tensor([[ 0.0187,  0.0084,  0.0110,  ..., -0.0121,  0.0124, -0.0117],
        [ 0.0046,  0.0095, -0.0148,  ..., -0.0366,  0.0465, -0.0590],
        [-0.0014, -0.0003, -0.0033,  ...,  0.0037, -0.0049, -0.0081],
        ...,
        [ 0.0174,  0.0052,  0.0062,  ..., -0.0045,  0.0119, -0.0151],
        [ 0.0138,  0.0084,  0.0154,  ..., -0.0062,  0.0129, -0.0135],
        [-0.0023, -0.0046, -0.0059,  ..., -0.0009,  0.0055, -0.0107]],
       device='cuda:0'), True)]
[(-17.399805036458098, '<s>一里、、、风，一来</s>', tensor([[ 0.0187,  0.0084,  0.0110,  ..., -0.0121,  0.0124, -0.0117],
        [ 0.0046,  0.0095, -0.0148,  ..., -0.0366,  0.0465, -0.0590],
        [-0.0014, -0.0003, -0.0033,  ...,  0.0037, -0.0049, -0.0081],
        ...,
        [ 0.0046,  0.0095, -0.0148,  ..., -0.0366,  0.0465, -0.0590],
        [ 0.0174,  0.0052,  0.0062,  ..., -0.0045,  0.0119, -0.0151],
        [-0.0023, -0.0046, -0.0059,  ..., -0.0009,  0.0055, -0.0107]],
       device='cuda:0'), True), (-15.909320552280402, '<s>一里、、、风，一来天</s>', tensor([[ 0.0187,  0.0084,  0.0110,  ..., -0.0121,  0.0124, -0.0117],
        [ 0.0046,  0.0095, -0.0148,  ..., -0.0366,  0.0465, -0.0590],
        [-0.0014, -0.0003, -0.0033,  ...,  0.0037, -0.0049, -0.0081],
        ...,
        [ 0.0174,  0.0052,  0.0062,  ..., -0.0045,  0.0119, -0.0151],
        [ 0.0138,  0.0084,  0.0154,  ..., -0.0062,  0.0129, -0.0135],
        [-0.0023, -0.0046, -0.0059,  ..., -0.0009,  0.0055, -0.0107]],
       device='cuda:0'), True)]
[(-17.399805036458098, '<s>一里、、、风，一来</s>', tensor([[ 0.0187,  0.0084,  0.0110,  ..., -0.0121,  0.0124, -0.0117],
        [ 0.0046,  0.0095, -0.0148,  ..., -0.0366,  0.0465, -0.0590],
        [-0.0014, -0.0003, -0.0033,  ...,  0.0037, -0.0049, -0.0081],
        ...,
        [ 0.0046,  0.0095, -0.0148,  ..., -0.0366,  0.0465, -0.0590],
        [ 0.0174,  0.0052,  0.0062,  ..., -0.0045,  0.0119, -0.0151],
        [-0.0023, -0.0046, -0.0059,  ..., -0.0009,  0.0055, -0.0107]],
       device='cuda:0'), True), (-15.909320552280402, '<s>一里、、、风，一来天</s>', tensor([[ 0.0187,  0.0084,  0.0110,  ..., -0.0121,  0.0124, -0.0117],
        [ 0.0046,  0.0095, -0.0148,  ..., -0.0366,  0.0465, -0.0590],
        [-0.0014, -0.0003, -0.0033,  ...,  0.0037, -0.0049, -0.0081],
        ...,
        [ 0.0174,  0.0052,  0.0062,  ..., -0.0045,  0.0119, -0.0151],
        [ 0.0138,  0.0084,  0.0154,  ..., -0.0062,  0.0129, -0.0135],
        [-0.0023, -0.0046, -0.0059,  ..., -0.0009,  0.0055, -0.0107]],
       device='cuda:0'), True)]
[(-17.399805036458098, '<s>一里、、、风，一来</s>', tensor([[ 0.0187,  0.0084,  0.0110,  ..., -0.0121,  0.0124, -0.0117],
        [ 0.0046,  0.0095, -0.0148,  ..., -0.0366,  0.0465, -0.0590],
        [-0.0014, -0.0003, -0.0033,  ...,  0.0037, -0.0049, -0.0081],
        ...,
        [ 0.0046,  0.0095, -0.0148,  ..., -0.0366,  0.0465, -0.0590],
        [ 0.0174,  0.0052,  0.0062,  ..., -0.0045,  0.0119, -0.0151],
        [-0.0023, -0.0046, -0.0059,  ..., -0.0009,  0.0055, -0.0107]],
       device='cuda:0'), True), (-15.909320552280402, '<s>一里、、、风，一来天</s>', tensor([[ 0.0187,  0.0084,  0.0110,  ..., -0.0121,  0.0124, -0.0117],
        [ 0.0046,  0.0095, -0.0148,  ..., -0.0366,  0.0465, -0.0590],
        [-0.0014, -0.0003, -0.0033,  ...,  0.0037, -0.0049, -0.0081],
        ...,
        [ 0.0174,  0.0052,  0.0062,  ..., -0.0045,  0.0119, -0.0151],
        [ 0.0138,  0.0084,  0.0154,  ..., -0.0062,  0.0129, -0.0135],
        [-0.0023, -0.0046, -0.0059,  ..., -0.0009,  0.0055, -0.0107]],
       device='cuda:0'), True)]
[(-17.399805036458098, '<s>一里、、、风，一来</s>', tensor([[ 0.0187,  0.0084,  0.0110,  ..., -0.0121,  0.0124, -0.0117],
        [ 0.0046,  0.0095, -0.0148,  ..., -0.0366,  0.0465, -0.0590],
        [-0.0014, -0.0003, -0.0033,  ...,  0.0037, -0.0049, -0.0081],
        ...,
        [ 0.0046,  0.0095, -0.0148,  ..., -0.0366,  0.0465, -0.0590],
        [ 0.0174,  0.0052,  0.0062,  ..., -0.0045,  0.0119, -0.0151],
        [-0.0023, -0.0046, -0.0059,  ..., -0.0009,  0.0055, -0.0107]],
       device='cuda:0'), True), (-15.909320552280402, '<s>一里、、、风，一来天</s>', tensor([[ 0.0187,  0.0084,  0.0110,  ..., -0.0121,  0.0124, -0.0117],
        [ 0.0046,  0.0095, -0.0148,  ..., -0.0366,  0.0465, -0.0590],
        [-0.0014, -0.0003, -0.0033,  ...,  0.0037, -0.0049, -0.0081],
        ...,
        [ 0.0174,  0.0052,  0.0062,  ..., -0.0045,  0.0119, -0.0151],
        [ 0.0138,  0.0084,  0.0154,  ..., -0.0062,  0.0129, -0.0135],
        [-0.0023, -0.0046, -0.0059,  ..., -0.0009,  0.0055, -0.0107]],
       device='cuda:0'), True)]
[(-17.399805036458098, '<s>一里、、、风，一来</s>', tensor([[ 0.0187,  0.0084,  0.0110,  ..., -0.0121,  0.0124, -0.0117],
        [ 0.0046,  0.0095, -0.0148,  ..., -0.0366,  0.0465, -0.0590],
        [-0.0014, -0.0003, -0.0033,  ...,  0.0037, -0.0049, -0.0081],
        ...,
        [ 0.0046,  0.0095, -0.0148,  ..., -0.0366,  0.0465, -0.0590],
        [ 0.0174,  0.0052,  0.0062,  ..., -0.0045,  0.0119, -0.0151],
        [-0.0023, -0.0046, -0.0059,  ..., -0.0009,  0.0055, -0.0107]],
       device='cuda:0'), True), (-15.909320552280402, '<s>一里、、、风，一来天</s>', tensor([[ 0.0187,  0.0084,  0.0110,  ..., -0.0121,  0.0124, -0.0117],
        [ 0.0046,  0.0095, -0.0148,  ..., -0.0366,  0.0465, -0.0590],
        [-0.0014, -0.0003, -0.0033,  ...,  0.0037, -0.0049, -0.0081],
        ...,
        [ 0.0174,  0.0052,  0.0062,  ..., -0.0045,  0.0119, -0.0151],
        [ 0.0138,  0.0084,  0.0154,  ..., -0.0062,  0.0129, -0.0135],
        [-0.0023, -0.0046, -0.0059,  ..., -0.0009,  0.0055, -0.0107]],
       device='cuda:0'), True)]
[(-17.399805036458098, '<s>一里、、、风，一来</s>', tensor([[ 0.0187,  0.0084,  0.0110,  ..., -0.0121,  0.0124, -0.0117],
        [ 0.0046,  0.0095, -0.0148,  ..., -0.0366,  0.0465, -0.0590],
        [-0.0014, -0.0003, -0.0033,  ...,  0.0037, -0.0049, -0.0081],
        ...,
        [ 0.0046,  0.0095, -0.0148,  ..., -0.0366,  0.0465, -0.0590],
        [ 0.0174,  0.0052,  0.0062,  ..., -0.0045,  0.0119, -0.0151],
        [-0.0023, -0.0046, -0.0059,  ..., -0.0009,  0.0055, -0.0107]],
       device='cuda:0'), True), (-15.909320552280402, '<s>一里、、、风，一来天</s>', tensor([[ 0.0187,  0.0084,  0.0110,  ..., -0.0121,  0.0124, -0.0117],
        [ 0.0046,  0.0095, -0.0148,  ..., -0.0366,  0.0465, -0.0590],
        [-0.0014, -0.0003, -0.0033,  ...,  0.0037, -0.0049, -0.0081],
        ...,
        [ 0.0174,  0.0052,  0.0062,  ..., -0.0045,  0.0119, -0.0151],
        [ 0.0138,  0.0084,  0.0154,  ..., -0.0062,  0.0129, -0.0135],
        [-0.0023, -0.0046, -0.0059,  ..., -0.0009,  0.0055, -0.0107]],
       device='cuda:0'), True)]
[(-17.399805036458098, '<s>一里、、、风，一来</s>', tensor([[ 0.0187,  0.0084,  0.0110,  ..., -0.0121,  0.0124, -0.0117],
        [ 0.0046,  0.0095, -0.0148,  ..., -0.0366,  0.0465, -0.0590],
        [-0.0014, -0.0003, -0.0033,  ...,  0.0037, -0.0049, -0.0081],
        ...,
        [ 0.0046,  0.0095, -0.0148,  ..., -0.0366,  0.0465, -0.0590],
        [ 0.0174,  0.0052,  0.0062,  ..., -0.0045,  0.0119, -0.0151],
        [-0.0023, -0.0046, -0.0059,  ..., -0.0009,  0.0055, -0.0107]],
       device='cuda:0'), True), (-15.909320552280402, '<s>一里、、、风，一来天</s>', tensor([[ 0.0187,  0.0084,  0.0110,  ..., -0.0121,  0.0124, -0.0117],
        [ 0.0046,  0.0095, -0.0148,  ..., -0.0366,  0.0465, -0.0590],
        [-0.0014, -0.0003, -0.0033,  ...,  0.0037, -0.0049, -0.0081],
        ...,
        [ 0.0174,  0.0052,  0.0062,  ..., -0.0045,  0.0119, -0.0151],
        [ 0.0138,  0.0084,  0.0154,  ..., -0.0062,  0.0129, -0.0135],
        [-0.0023, -0.0046, -0.0059,  ..., -0.0009,  0.0055, -0.0107]],
       device='cuda:0'), True)]
[(-17.399805036458098, '<s>一里、、、风，一来</s>', tensor([[ 0.0187,  0.0084,  0.0110,  ..., -0.0121,  0.0124, -0.0117],
        [ 0.0046,  0.0095, -0.0148,  ..., -0.0366,  0.0465, -0.0590],
        [-0.0014, -0.0003, -0.0033,  ...,  0.0037, -0.0049, -0.0081],
        ...,
        [ 0.0046,  0.0095, -0.0148,  ..., -0.0366,  0.0465, -0.0590],
        [ 0.0174,  0.0052,  0.0062,  ..., -0.0045,  0.0119, -0.0151],
        [-0.0023, -0.0046, -0.0059,  ..., -0.0009,  0.0055, -0.0107]],
       device='cuda:0'), True), (-15.909320552280402, '<s>一里、、、风，一来天</s>', tensor([[ 0.0187,  0.0084,  0.0110,  ..., -0.0121,  0.0124, -0.0117],
        [ 0.0046,  0.0095, -0.0148,  ..., -0.0366,  0.0465, -0.0590],
        [-0.0014, -0.0003, -0.0033,  ...,  0.0037, -0.0049, -0.0081],
        ...,
        [ 0.0174,  0.0052,  0.0062,  ..., -0.0045,  0.0119, -0.0151],
        [ 0.0138,  0.0084,  0.0154,  ..., -0.0062,  0.0129, -0.0135],
        [-0.0023, -0.0046, -0.0059,  ..., -0.0009,  0.0055, -0.0107]],
       device='cuda:0'), True)]
[(-17.399805036458098, '<s>一里、、、风，一来</s>', tensor([[ 0.0187,  0.0084,  0.0110,  ..., -0.0121,  0.0124, -0.0117],
        [ 0.0046,  0.0095, -0.0148,  ..., -0.0366,  0.0465, -0.0590],
        [-0.0014, -0.0003, -0.0033,  ...,  0.0037, -0.0049, -0.0081],
        ...,
        [ 0.0046,  0.0095, -0.0148,  ..., -0.0366,  0.0465, -0.0590],
        [ 0.0174,  0.0052,  0.0062,  ..., -0.0045,  0.0119, -0.0151],
        [-0.0023, -0.0046, -0.0059,  ..., -0.0009,  0.0055, -0.0107]],
       device='cuda:0'), True), (-15.909320552280402, '<s>一里、、、风，一来天</s>', tensor([[ 0.0187,  0.0084,  0.0110,  ..., -0.0121,  0.0124, -0.0117],
        [ 0.0046,  0.0095, -0.0148,  ..., -0.0366,  0.0465, -0.0590],
        [-0.0014, -0.0003, -0.0033,  ...,  0.0037, -0.0049, -0.0081],
        ...,
        [ 0.0174,  0.0052,  0.0062,  ..., -0.0045,  0.0119, -0.0151],
        [ 0.0138,  0.0084,  0.0154,  ..., -0.0062,  0.0129, -0.0135],
        [-0.0023, -0.0046, -0.0059,  ..., -0.0009,  0.0055, -0.0107]],
       device='cuda:0'), True)]
[(-17.399805036458098, '<s>一里、、、风，一来</s>', tensor([[ 0.0187,  0.0084,  0.0110,  ..., -0.0121,  0.0124, -0.0117],
        [ 0.0046,  0.0095, -0.0148,  ..., -0.0366,  0.0465, -0.0590],
        [-0.0014, -0.0003, -0.0033,  ...,  0.0037, -0.0049, -0.0081],
        ...,
        [ 0.0046,  0.0095, -0.0148,  ..., -0.0366,  0.0465, -0.0590],
        [ 0.0174,  0.0052,  0.0062,  ..., -0.0045,  0.0119, -0.0151],
        [-0.0023, -0.0046, -0.0059,  ..., -0.0009,  0.0055, -0.0107]],
       device='cuda:0'), True), (-15.909320552280402, '<s>一里、、、风，一来天</s>', tensor([[ 0.0187,  0.0084,  0.0110,  ..., -0.0121,  0.0124, -0.0117],
        [ 0.0046,  0.0095, -0.0148,  ..., -0.0366,  0.0465, -0.0590],
        [-0.0014, -0.0003, -0.0033,  ...,  0.0037, -0.0049, -0.0081],
        ...,
        [ 0.0174,  0.0052,  0.0062,  ..., -0.0045,  0.0119, -0.0151],
        [ 0.0138,  0.0084,  0.0154,  ..., -0.0062,  0.0129, -0.0135],
        [-0.0023, -0.0046, -0.0059,  ..., -0.0009,  0.0055, -0.0107]],
       device='cuda:0'), True)]
[(-17.399805036458098, '<s>一里、、、风，一来</s>', tensor([[ 0.0187,  0.0084,  0.0110,  ..., -0.0121,  0.0124, -0.0117],
        [ 0.0046,  0.0095, -0.0148,  ..., -0.0366,  0.0465, -0.0590],
        [-0.0014, -0.0003, -0.0033,  ...,  0.0037, -0.0049, -0.0081],
        ...,
        [ 0.0046,  0.0095, -0.0148,  ..., -0.0366,  0.0465, -0.0590],
        [ 0.0174,  0.0052,  0.0062,  ..., -0.0045,  0.0119, -0.0151],
        [-0.0023, -0.0046, -0.0059,  ..., -0.0009,  0.0055, -0.0107]],
       device='cuda:0'), True), (-15.909320552280402, '<s>一里、、、风，一来天</s>', tensor([[ 0.0187,  0.0084,  0.0110,  ..., -0.0121,  0.0124, -0.0117],
        [ 0.0046,  0.0095, -0.0148,  ..., -0.0366,  0.0465, -0.0590],
        [-0.0014, -0.0003, -0.0033,  ...,  0.0037, -0.0049, -0.0081],
        ...,
        [ 0.0174,  0.0052,  0.0062,  ..., -0.0045,  0.0119, -0.0151],
        [ 0.0138,  0.0084,  0.0154,  ..., -0.0062,  0.0129, -0.0135],
        [-0.0023, -0.0046, -0.0059,  ..., -0.0009,  0.0055, -0.0107]],
       device='cuda:0'), True)]
[(-17.399805036458098, '<s>一里、、、风，一来</s>', tensor([[ 0.0187,  0.0084,  0.0110,  ..., -0.0121,  0.0124, -0.0117],
        [ 0.0046,  0.0095, -0.0148,  ..., -0.0366,  0.0465, -0.0590],
        [-0.0014, -0.0003, -0.0033,  ...,  0.0037, -0.0049, -0.0081],
        ...,
        [ 0.0046,  0.0095, -0.0148,  ..., -0.0366,  0.0465, -0.0590],
        [ 0.0174,  0.0052,  0.0062,  ..., -0.0045,  0.0119, -0.0151],
        [-0.0023, -0.0046, -0.0059,  ..., -0.0009,  0.0055, -0.0107]],
       device='cuda:0'), True), (-15.909320552280402, '<s>一里、、、风，一来天</s>', tensor([[ 0.0187,  0.0084,  0.0110,  ..., -0.0121,  0.0124, -0.0117],
        [ 0.0046,  0.0095, -0.0148,  ..., -0.0366,  0.0465, -0.0590],
        [-0.0014, -0.0003, -0.0033,  ...,  0.0037, -0.0049, -0.0081],
        ...,
        [ 0.0174,  0.0052,  0.0062,  ..., -0.0045,  0.0119, -0.0151],
        [ 0.0138,  0.0084,  0.0154,  ..., -0.0062,  0.0129, -0.0135],
        [-0.0023, -0.0046, -0.0059,  ..., -0.0009,  0.0055, -0.0107]],
       device='cuda:0'), True)]
[(-17.399805036458098, '<s>一里、、、风，一来</s>', tensor([[ 0.0187,  0.0084,  0.0110,  ..., -0.0121,  0.0124, -0.0117],
        [ 0.0046,  0.0095, -0.0148,  ..., -0.0366,  0.0465, -0.0590],
        [-0.0014, -0.0003, -0.0033,  ...,  0.0037, -0.0049, -0.0081],
        ...,
        [ 0.0046,  0.0095, -0.0148,  ..., -0.0366,  0.0465, -0.0590],
        [ 0.0174,  0.0052,  0.0062,  ..., -0.0045,  0.0119, -0.0151],
        [-0.0023, -0.0046, -0.0059,  ..., -0.0009,  0.0055, -0.0107]],
       device='cuda:0'), True), (-15.909320552280402, '<s>一里、、、风，一来天</s>', tensor([[ 0.0187,  0.0084,  0.0110,  ..., -0.0121,  0.0124, -0.0117],
        [ 0.0046,  0.0095, -0.0148,  ..., -0.0366,  0.0465, -0.0590],
        [-0.0014, -0.0003, -0.0033,  ...,  0.0037, -0.0049, -0.0081],
        ...,
        [ 0.0174,  0.0052,  0.0062,  ..., -0.0045,  0.0119, -0.0151],
        [ 0.0138,  0.0084,  0.0154,  ..., -0.0062,  0.0129, -0.0135],
        [-0.0023, -0.0046, -0.0059,  ..., -0.0009,  0.0055, -0.0107]],
       device='cuda:0'), True)]
[(-17.399805036458098, '<s>一里、、、风，一来</s>', tensor([[ 0.0187,  0.0084,  0.0110,  ..., -0.0121,  0.0124, -0.0117],
        [ 0.0046,  0.0095, -0.0148,  ..., -0.0366,  0.0465, -0.0590],
        [-0.0014, -0.0003, -0.0033,  ...,  0.0037, -0.0049, -0.0081],
        ...,
        [ 0.0046,  0.0095, -0.0148,  ..., -0.0366,  0.0465, -0.0590],
        [ 0.0174,  0.0052,  0.0062,  ..., -0.0045,  0.0119, -0.0151],
        [-0.0023, -0.0046, -0.0059,  ..., -0.0009,  0.0055, -0.0107]],
       device='cuda:0'), True), (-15.909320552280402, '<s>一里、、、风，一来天</s>', tensor([[ 0.0187,  0.0084,  0.0110,  ..., -0.0121,  0.0124, -0.0117],
        [ 0.0046,  0.0095, -0.0148,  ..., -0.0366,  0.0465, -0.0590],
        [-0.0014, -0.0003, -0.0033,  ...,  0.0037, -0.0049, -0.0081],
        ...,
        [ 0.0174,  0.0052,  0.0062,  ..., -0.0045,  0.0119, -0.0151],
        [ 0.0138,  0.0084,  0.0154,  ..., -0.0062,  0.0129, -0.0135],
        [-0.0023, -0.0046, -0.0059,  ..., -0.0009,  0.0055, -0.0107]],
       device='cuda:0'), True)]
[(-17.399805036458098, '<s>一里、、、风，一来</s>', tensor([[ 0.0187,  0.0084,  0.0110,  ..., -0.0121,  0.0124, -0.0117],
        [ 0.0046,  0.0095, -0.0148,  ..., -0.0366,  0.0465, -0.0590],
        [-0.0014, -0.0003, -0.0033,  ...,  0.0037, -0.0049, -0.0081],
        ...,
        [ 0.0046,  0.0095, -0.0148,  ..., -0.0366,  0.0465, -0.0590],
        [ 0.0174,  0.0052,  0.0062,  ..., -0.0045,  0.0119, -0.0151],
        [-0.0023, -0.0046, -0.0059,  ..., -0.0009,  0.0055, -0.0107]],
       device='cuda:0'), True), (-15.909320552280402, '<s>一里、、、风，一来天</s>', tensor([[ 0.0187,  0.0084,  0.0110,  ..., -0.0121,  0.0124, -0.0117],
        [ 0.0046,  0.0095, -0.0148,  ..., -0.0366,  0.0465, -0.0590],
        [-0.0014, -0.0003, -0.0033,  ...,  0.0037, -0.0049, -0.0081],
        ...,
        [ 0.0174,  0.0052,  0.0062,  ..., -0.0045,  0.0119, -0.0151],
        [ 0.0138,  0.0084,  0.0154,  ..., -0.0062,  0.0129, -0.0135],
        [-0.0023, -0.0046, -0.0059,  ..., -0.0009,  0.0055, -0.0107]],
       device='cuda:0'), True)]
[(-17.399805036458098, '<s>一里、、、风，一来</s>', tensor([[ 0.0187,  0.0084,  0.0110,  ..., -0.0121,  0.0124, -0.0117],
        [ 0.0046,  0.0095, -0.0148,  ..., -0.0366,  0.0465, -0.0590],
        [-0.0014, -0.0003, -0.0033,  ...,  0.0037, -0.0049, -0.0081],
        ...,
        [ 0.0046,  0.0095, -0.0148,  ..., -0.0366,  0.0465, -0.0590],
        [ 0.0174,  0.0052,  0.0062,  ..., -0.0045,  0.0119, -0.0151],
        [-0.0023, -0.0046, -0.0059,  ..., -0.0009,  0.0055, -0.0107]],
       device='cuda:0'), True), (-15.909320552280402, '<s>一里、、、风，一来天</s>', tensor([[ 0.0187,  0.0084,  0.0110,  ..., -0.0121,  0.0124, -0.0117],
        [ 0.0046,  0.0095, -0.0148,  ..., -0.0366,  0.0465, -0.0590],
        [-0.0014, -0.0003, -0.0033,  ...,  0.0037, -0.0049, -0.0081],
        ...,
        [ 0.0174,  0.0052,  0.0062,  ..., -0.0045,  0.0119, -0.0151],
        [ 0.0138,  0.0084,  0.0154,  ..., -0.0062,  0.0129, -0.0135],
        [-0.0023, -0.0046, -0.0059,  ..., -0.0009,  0.0055, -0.0107]],
       device='cuda:0'), True)]
[(-17.399805036458098, '<s>一里、、、风，一来</s>', tensor([[ 0.0187,  0.0084,  0.0110,  ..., -0.0121,  0.0124, -0.0117],
        [ 0.0046,  0.0095, -0.0148,  ..., -0.0366,  0.0465, -0.0590],
        [-0.0014, -0.0003, -0.0033,  ...,  0.0037, -0.0049, -0.0081],
        ...,
        [ 0.0046,  0.0095, -0.0148,  ..., -0.0366,  0.0465, -0.0590],
        [ 0.0174,  0.0052,  0.0062,  ..., -0.0045,  0.0119, -0.0151],
        [-0.0023, -0.0046, -0.0059,  ..., -0.0009,  0.0055, -0.0107]],
       device='cuda:0'), True), (-15.909320552280402, '<s>一里、、、风，一来天</s>', tensor([[ 0.0187,  0.0084,  0.0110,  ..., -0.0121,  0.0124, -0.0117],
        [ 0.0046,  0.0095, -0.0148,  ..., -0.0366,  0.0465, -0.0590],
        [-0.0014, -0.0003, -0.0033,  ...,  0.0037, -0.0049, -0.0081],
        ...,
        [ 0.0174,  0.0052,  0.0062,  ..., -0.0045,  0.0119, -0.0151],
        [ 0.0138,  0.0084,  0.0154,  ..., -0.0062,  0.0129, -0.0135],
        [-0.0023, -0.0046, -0.0059,  ..., -0.0009,  0.0055, -0.0107]],
       device='cuda:0'), True)]
[(-17.399805036458098, '<s>一里、、、风，一来</s>', tensor([[ 0.0187,  0.0084,  0.0110,  ..., -0.0121,  0.0124, -0.0117],
        [ 0.0046,  0.0095, -0.0148,  ..., -0.0366,  0.0465, -0.0590],
        [-0.0014, -0.0003, -0.0033,  ...,  0.0037, -0.0049, -0.0081],
        ...,
        [ 0.0046,  0.0095, -0.0148,  ..., -0.0366,  0.0465, -0.0590],
        [ 0.0174,  0.0052,  0.0062,  ..., -0.0045,  0.0119, -0.0151],
        [-0.0023, -0.0046, -0.0059,  ..., -0.0009,  0.0055, -0.0107]],
       device='cuda:0'), True), (-15.909320552280402, '<s>一里、、、风，一来天</s>', tensor([[ 0.0187,  0.0084,  0.0110,  ..., -0.0121,  0.0124, -0.0117],
        [ 0.0046,  0.0095, -0.0148,  ..., -0.0366,  0.0465, -0.0590],
        [-0.0014, -0.0003, -0.0033,  ...,  0.0037, -0.0049, -0.0081],
        ...,
        [ 0.0174,  0.0052,  0.0062,  ..., -0.0045,  0.0119, -0.0151],
        [ 0.0138,  0.0084,  0.0154,  ..., -0.0062,  0.0129, -0.0135],
        [-0.0023, -0.0046, -0.0059,  ..., -0.0009,  0.0055, -0.0107]],
       device='cuda:0'), True)]
[(-17.399805036458098, '<s>一里、、、风，一来</s>', tensor([[ 0.0187,  0.0084,  0.0110,  ..., -0.0121,  0.0124, -0.0117],
        [ 0.0046,  0.0095, -0.0148,  ..., -0.0366,  0.0465, -0.0590],
        [-0.0014, -0.0003, -0.0033,  ...,  0.0037, -0.0049, -0.0081],
        ...,
        [ 0.0046,  0.0095, -0.0148,  ..., -0.0366,  0.0465, -0.0590],
        [ 0.0174,  0.0052,  0.0062,  ..., -0.0045,  0.0119, -0.0151],
        [-0.0023, -0.0046, -0.0059,  ..., -0.0009,  0.0055, -0.0107]],
       device='cuda:0'), True), (-15.909320552280402, '<s>一里、、、风，一来天</s>', tensor([[ 0.0187,  0.0084,  0.0110,  ..., -0.0121,  0.0124, -0.0117],
        [ 0.0046,  0.0095, -0.0148,  ..., -0.0366,  0.0465, -0.0590],
        [-0.0014, -0.0003, -0.0033,  ...,  0.0037, -0.0049, -0.0081],
        ...,
        [ 0.0174,  0.0052,  0.0062,  ..., -0.0045,  0.0119, -0.0151],
        [ 0.0138,  0.0084,  0.0154,  ..., -0.0062,  0.0129, -0.0135],
        [-0.0023, -0.0046, -0.0059,  ..., -0.0009,  0.0055, -0.0107]],
       device='cuda:0'), True)]
[(-17.399805036458098, '<s>一里、、、风，一来</s>', tensor([[ 0.0187,  0.0084,  0.0110,  ..., -0.0121,  0.0124, -0.0117],
        [ 0.0046,  0.0095, -0.0148,  ..., -0.0366,  0.0465, -0.0590],
        [-0.0014, -0.0003, -0.0033,  ...,  0.0037, -0.0049, -0.0081],
        ...,
        [ 0.0046,  0.0095, -0.0148,  ..., -0.0366,  0.0465, -0.0590],
        [ 0.0174,  0.0052,  0.0062,  ..., -0.0045,  0.0119, -0.0151],
        [-0.0023, -0.0046, -0.0059,  ..., -0.0009,  0.0055, -0.0107]],
       device='cuda:0'), True), (-15.909320552280402, '<s>一里、、、风，一来天</s>', tensor([[ 0.0187,  0.0084,  0.0110,  ..., -0.0121,  0.0124, -0.0117],
        [ 0.0046,  0.0095, -0.0148,  ..., -0.0366,  0.0465, -0.0590],
        [-0.0014, -0.0003, -0.0033,  ...,  0.0037, -0.0049, -0.0081],
        ...,
        [ 0.0174,  0.0052,  0.0062,  ..., -0.0045,  0.0119, -0.0151],
        [ 0.0138,  0.0084,  0.0154,  ..., -0.0062,  0.0129, -0.0135],
        [-0.0023, -0.0046, -0.0059,  ..., -0.0009,  0.0055, -0.0107]],
       device='cuda:0'), True)]
[(-17.399805036458098, '<s>一里、、、风，一来</s>', tensor([[ 0.0187,  0.0084,  0.0110,  ..., -0.0121,  0.0124, -0.0117],
        [ 0.0046,  0.0095, -0.0148,  ..., -0.0366,  0.0465, -0.0590],
        [-0.0014, -0.0003, -0.0033,  ...,  0.0037, -0.0049, -0.0081],
        ...,
        [ 0.0046,  0.0095, -0.0148,  ..., -0.0366,  0.0465, -0.0590],
        [ 0.0174,  0.0052,  0.0062,  ..., -0.0045,  0.0119, -0.0151],
        [-0.0023, -0.0046, -0.0059,  ..., -0.0009,  0.0055, -0.0107]],
       device='cuda:0'), True), (-15.909320552280402, '<s>一里、、、风，一来天</s>', tensor([[ 0.0187,  0.0084,  0.0110,  ..., -0.0121,  0.0124, -0.0117],
        [ 0.0046,  0.0095, -0.0148,  ..., -0.0366,  0.0465, -0.0590],
        [-0.0014, -0.0003, -0.0033,  ...,  0.0037, -0.0049, -0.0081],
        ...,
        [ 0.0174,  0.0052,  0.0062,  ..., -0.0045,  0.0119, -0.0151],
        [ 0.0138,  0.0084,  0.0154,  ..., -0.0062,  0.0129, -0.0135],
        [-0.0023, -0.0046, -0.0059,  ..., -0.0009,  0.0055, -0.0107]],
       device='cuda:0'), True)]
[(-17.399805036458098, '<s>一里、、、风，一来</s>', tensor([[ 0.0187,  0.0084,  0.0110,  ..., -0.0121,  0.0124, -0.0117],
        [ 0.0046,  0.0095, -0.0148,  ..., -0.0366,  0.0465, -0.0590],
        [-0.0014, -0.0003, -0.0033,  ...,  0.0037, -0.0049, -0.0081],
        ...,
        [ 0.0046,  0.0095, -0.0148,  ..., -0.0366,  0.0465, -0.0590],
        [ 0.0174,  0.0052,  0.0062,  ..., -0.0045,  0.0119, -0.0151],
        [-0.0023, -0.0046, -0.0059,  ..., -0.0009,  0.0055, -0.0107]],
       device='cuda:0'), True), (-15.909320552280402, '<s>一里、、、风，一来天</s>', tensor([[ 0.0187,  0.0084,  0.0110,  ..., -0.0121,  0.0124, -0.0117],
        [ 0.0046,  0.0095, -0.0148,  ..., -0.0366,  0.0465, -0.0590],
        [-0.0014, -0.0003, -0.0033,  ...,  0.0037, -0.0049, -0.0081],
        ...,
        [ 0.0174,  0.0052,  0.0062,  ..., -0.0045,  0.0119, -0.0151],
        [ 0.0138,  0.0084,  0.0154,  ..., -0.0062,  0.0129, -0.0135],
        [-0.0023, -0.0046, -0.0059,  ..., -0.0009,  0.0055, -0.0107]],
       device='cuda:0'), True)]
[(-17.399805036458098, '<s>一里、、、风，一来</s>', tensor([[ 0.0187,  0.0084,  0.0110,  ..., -0.0121,  0.0124, -0.0117],
        [ 0.0046,  0.0095, -0.0148,  ..., -0.0366,  0.0465, -0.0590],
        [-0.0014, -0.0003, -0.0033,  ...,  0.0037, -0.0049, -0.0081],
        ...,
        [ 0.0046,  0.0095, -0.0148,  ..., -0.0366,  0.0465, -0.0590],
        [ 0.0174,  0.0052,  0.0062,  ..., -0.0045,  0.0119, -0.0151],
        [-0.0023, -0.0046, -0.0059,  ..., -0.0009,  0.0055, -0.0107]],
       device='cuda:0'), True), (-15.909320552280402, '<s>一里、、、风，一来天</s>', tensor([[ 0.0187,  0.0084,  0.0110,  ..., -0.0121,  0.0124, -0.0117],
        [ 0.0046,  0.0095, -0.0148,  ..., -0.0366,  0.0465, -0.0590],
        [-0.0014, -0.0003, -0.0033,  ...,  0.0037, -0.0049, -0.0081],
        ...,
        [ 0.0174,  0.0052,  0.0062,  ..., -0.0045,  0.0119, -0.0151],
        [ 0.0138,  0.0084,  0.0154,  ..., -0.0062,  0.0129, -0.0135],
        [-0.0023, -0.0046, -0.0059,  ..., -0.0009,  0.0055, -0.0107]],
       device='cuda:0'), True)]
[(-17.399805036458098, '<s>一里、、、风，一来</s>', tensor([[ 0.0187,  0.0084,  0.0110,  ..., -0.0121,  0.0124, -0.0117],
        [ 0.0046,  0.0095, -0.0148,  ..., -0.0366,  0.0465, -0.0590],
        [-0.0014, -0.0003, -0.0033,  ...,  0.0037, -0.0049, -0.0081],
        ...,
        [ 0.0046,  0.0095, -0.0148,  ..., -0.0366,  0.0465, -0.0590],
        [ 0.0174,  0.0052,  0.0062,  ..., -0.0045,  0.0119, -0.0151],
        [-0.0023, -0.0046, -0.0059,  ..., -0.0009,  0.0055, -0.0107]],
       device='cuda:0'), True), (-15.909320552280402, '<s>一里、、、风，一来天</s>', tensor([[ 0.0187,  0.0084,  0.0110,  ..., -0.0121,  0.0124, -0.0117],
        [ 0.0046,  0.0095, -0.0148,  ..., -0.0366,  0.0465, -0.0590],
        [-0.0014, -0.0003, -0.0033,  ...,  0.0037, -0.0049, -0.0081],
        ...,
        [ 0.0174,  0.0052,  0.0062,  ..., -0.0045,  0.0119, -0.0151],
        [ 0.0138,  0.0084,  0.0154,  ..., -0.0062,  0.0129, -0.0135],
        [-0.0023, -0.0046, -0.0059,  ..., -0.0009,  0.0055, -0.0107]],
       device='cuda:0'), True)]
[(-17.399805036458098, '<s>一里、、、风，一来</s>', tensor([[ 0.0187,  0.0084,  0.0110,  ..., -0.0121,  0.0124, -0.0117],
        [ 0.0046,  0.0095, -0.0148,  ..., -0.0366,  0.0465, -0.0590],
        [-0.0014, -0.0003, -0.0033,  ...,  0.0037, -0.0049, -0.0081],
        ...,
        [ 0.0046,  0.0095, -0.0148,  ..., -0.0366,  0.0465, -0.0590],
        [ 0.0174,  0.0052,  0.0062,  ..., -0.0045,  0.0119, -0.0151],
        [-0.0023, -0.0046, -0.0059,  ..., -0.0009,  0.0055, -0.0107]],
       device='cuda:0'), True), (-15.909320552280402, '<s>一里、、、风，一来天</s>', tensor([[ 0.0187,  0.0084,  0.0110,  ..., -0.0121,  0.0124, -0.0117],
        [ 0.0046,  0.0095, -0.0148,  ..., -0.0366,  0.0465, -0.0590],
        [-0.0014, -0.0003, -0.0033,  ...,  0.0037, -0.0049, -0.0081],
        ...,
        [ 0.0174,  0.0052,  0.0062,  ..., -0.0045,  0.0119, -0.0151],
        [ 0.0138,  0.0084,  0.0154,  ..., -0.0062,  0.0129, -0.0135],
        [-0.0023, -0.0046, -0.0059,  ..., -0.0009,  0.0055, -0.0107]],
       device='cuda:0'), True)]
[(-17.399805036458098, '<s>一里、、、风，一来</s>', tensor([[ 0.0187,  0.0084,  0.0110,  ..., -0.0121,  0.0124, -0.0117],
        [ 0.0046,  0.0095, -0.0148,  ..., -0.0366,  0.0465, -0.0590],
        [-0.0014, -0.0003, -0.0033,  ...,  0.0037, -0.0049, -0.0081],
        ...,
        [ 0.0046,  0.0095, -0.0148,  ..., -0.0366,  0.0465, -0.0590],
        [ 0.0174,  0.0052,  0.0062,  ..., -0.0045,  0.0119, -0.0151],
        [-0.0023, -0.0046, -0.0059,  ..., -0.0009,  0.0055, -0.0107]],
       device='cuda:0'), True), (-15.909320552280402, '<s>一里、、、风，一来天</s>', tensor([[ 0.0187,  0.0084,  0.0110,  ..., -0.0121,  0.0124, -0.0117],
        [ 0.0046,  0.0095, -0.0148,  ..., -0.0366,  0.0465, -0.0590],
        [-0.0014, -0.0003, -0.0033,  ...,  0.0037, -0.0049, -0.0081],
        ...,
        [ 0.0174,  0.0052,  0.0062,  ..., -0.0045,  0.0119, -0.0151],
        [ 0.0138,  0.0084,  0.0154,  ..., -0.0062,  0.0129, -0.0135],
        [-0.0023, -0.0046, -0.0059,  ..., -0.0009,  0.0055, -0.0107]],
       device='cuda:0'), True)]
[(-17.399805036458098, '<s>一里、、、风，一来</s>', tensor([[ 0.0187,  0.0084,  0.0110,  ..., -0.0121,  0.0124, -0.0117],
        [ 0.0046,  0.0095, -0.0148,  ..., -0.0366,  0.0465, -0.0590],
        [-0.0014, -0.0003, -0.0033,  ...,  0.0037, -0.0049, -0.0081],
        ...,
        [ 0.0046,  0.0095, -0.0148,  ..., -0.0366,  0.0465, -0.0590],
        [ 0.0174,  0.0052,  0.0062,  ..., -0.0045,  0.0119, -0.0151],
        [-0.0023, -0.0046, -0.0059,  ..., -0.0009,  0.0055, -0.0107]],
       device='cuda:0'), True), (-15.909320552280402, '<s>一里、、、风，一来天</s>', tensor([[ 0.0187,  0.0084,  0.0110,  ..., -0.0121,  0.0124, -0.0117],
        [ 0.0046,  0.0095, -0.0148,  ..., -0.0366,  0.0465, -0.0590],
        [-0.0014, -0.0003, -0.0033,  ...,  0.0037, -0.0049, -0.0081],
        ...,
        [ 0.0174,  0.0052,  0.0062,  ..., -0.0045,  0.0119, -0.0151],
        [ 0.0138,  0.0084,  0.0154,  ..., -0.0062,  0.0129, -0.0135],
        [-0.0023, -0.0046, -0.0059,  ..., -0.0009,  0.0055, -0.0107]],
       device='cuda:0'), True)]
[(-17.399805036458098, '<s>一里、、、风，一来</s>', tensor([[ 0.0187,  0.0084,  0.0110,  ..., -0.0121,  0.0124, -0.0117],
        [ 0.0046,  0.0095, -0.0148,  ..., -0.0366,  0.0465, -0.0590],
        [-0.0014, -0.0003, -0.0033,  ...,  0.0037, -0.0049, -0.0081],
        ...,
        [ 0.0046,  0.0095, -0.0148,  ..., -0.0366,  0.0465, -0.0590],
        [ 0.0174,  0.0052,  0.0062,  ..., -0.0045,  0.0119, -0.0151],
        [-0.0023, -0.0046, -0.0059,  ..., -0.0009,  0.0055, -0.0107]],
       device='cuda:0'), True), (-15.909320552280402, '<s>一里、、、风，一来天</s>', tensor([[ 0.0187,  0.0084,  0.0110,  ..., -0.0121,  0.0124, -0.0117],
        [ 0.0046,  0.0095, -0.0148,  ..., -0.0366,  0.0465, -0.0590],
        [-0.0014, -0.0003, -0.0033,  ...,  0.0037, -0.0049, -0.0081],
        ...,
        [ 0.0174,  0.0052,  0.0062,  ..., -0.0045,  0.0119, -0.0151],
        [ 0.0138,  0.0084,  0.0154,  ..., -0.0062,  0.0129, -0.0135],
        [-0.0023, -0.0046, -0.0059,  ..., -0.0009,  0.0055, -0.0107]],
       device='cuda:0'), True)]
[(-17.399805036458098, '<s>一里、、、风，一来</s>', tensor([[ 0.0187,  0.0084,  0.0110,  ..., -0.0121,  0.0124, -0.0117],
        [ 0.0046,  0.0095, -0.0148,  ..., -0.0366,  0.0465, -0.0590],
        [-0.0014, -0.0003, -0.0033,  ...,  0.0037, -0.0049, -0.0081],
        ...,
        [ 0.0046,  0.0095, -0.0148,  ..., -0.0366,  0.0465, -0.0590],
        [ 0.0174,  0.0052,  0.0062,  ..., -0.0045,  0.0119, -0.0151],
        [-0.0023, -0.0046, -0.0059,  ..., -0.0009,  0.0055, -0.0107]],
       device='cuda:0'), True), (-15.909320552280402, '<s>一里、、、风，一来天</s>', tensor([[ 0.0187,  0.0084,  0.0110,  ..., -0.0121,  0.0124, -0.0117],
        [ 0.0046,  0.0095, -0.0148,  ..., -0.0366,  0.0465, -0.0590],
        [-0.0014, -0.0003, -0.0033,  ...,  0.0037, -0.0049, -0.0081],
        ...,
        [ 0.0174,  0.0052,  0.0062,  ..., -0.0045,  0.0119, -0.0151],
        [ 0.0138,  0.0084,  0.0154,  ..., -0.0062,  0.0129, -0.0135],
        [-0.0023, -0.0046, -0.0059,  ..., -0.0009,  0.0055, -0.0107]],
       device='cuda:0'), True)]
[(-17.399805036458098, '<s>一里、、、风，一来</s>', tensor([[ 0.0187,  0.0084,  0.0110,  ..., -0.0121,  0.0124, -0.0117],
        [ 0.0046,  0.0095, -0.0148,  ..., -0.0366,  0.0465, -0.0590],
        [-0.0014, -0.0003, -0.0033,  ...,  0.0037, -0.0049, -0.0081],
        ...,
        [ 0.0046,  0.0095, -0.0148,  ..., -0.0366,  0.0465, -0.0590],
        [ 0.0174,  0.0052,  0.0062,  ..., -0.0045,  0.0119, -0.0151],
        [-0.0023, -0.0046, -0.0059,  ..., -0.0009,  0.0055, -0.0107]],
       device='cuda:0'), True), (-15.909320552280402, '<s>一里、、、风，一来天</s>', tensor([[ 0.0187,  0.0084,  0.0110,  ..., -0.0121,  0.0124, -0.0117],
        [ 0.0046,  0.0095, -0.0148,  ..., -0.0366,  0.0465, -0.0590],
        [-0.0014, -0.0003, -0.0033,  ...,  0.0037, -0.0049, -0.0081],
        ...,
        [ 0.0174,  0.0052,  0.0062,  ..., -0.0045,  0.0119, -0.0151],
        [ 0.0138,  0.0084,  0.0154,  ..., -0.0062,  0.0129, -0.0135],
        [-0.0023, -0.0046, -0.0059,  ..., -0.0009,  0.0055, -0.0107]],
       device='cuda:0'), True)]
[(-17.399805036458098, '<s>一里、、、风，一来</s>', tensor([[ 0.0187,  0.0084,  0.0110,  ..., -0.0121,  0.0124, -0.0117],
        [ 0.0046,  0.0095, -0.0148,  ..., -0.0366,  0.0465, -0.0590],
        [-0.0014, -0.0003, -0.0033,  ...,  0.0037, -0.0049, -0.0081],
        ...,
        [ 0.0046,  0.0095, -0.0148,  ..., -0.0366,  0.0465, -0.0590],
        [ 0.0174,  0.0052,  0.0062,  ..., -0.0045,  0.0119, -0.0151],
        [-0.0023, -0.0046, -0.0059,  ..., -0.0009,  0.0055, -0.0107]],
       device='cuda:0'), True), (-15.909320552280402, '<s>一里、、、风，一来天</s>', tensor([[ 0.0187,  0.0084,  0.0110,  ..., -0.0121,  0.0124, -0.0117],
        [ 0.0046,  0.0095, -0.0148,  ..., -0.0366,  0.0465, -0.0590],
        [-0.0014, -0.0003, -0.0033,  ...,  0.0037, -0.0049, -0.0081],
        ...,
        [ 0.0174,  0.0052,  0.0062,  ..., -0.0045,  0.0119, -0.0151],
        [ 0.0138,  0.0084,  0.0154,  ..., -0.0062,  0.0129, -0.0135],
        [-0.0023, -0.0046, -0.0059,  ..., -0.0009,  0.0055, -0.0107]],
       device='cuda:0'), True)]
[(-17.399805036458098, '<s>一里、、、风，一来</s>', tensor([[ 0.0187,  0.0084,  0.0110,  ..., -0.0121,  0.0124, -0.0117],
        [ 0.0046,  0.0095, -0.0148,  ..., -0.0366,  0.0465, -0.0590],
        [-0.0014, -0.0003, -0.0033,  ...,  0.0037, -0.0049, -0.0081],
        ...,
        [ 0.0046,  0.0095, -0.0148,  ..., -0.0366,  0.0465, -0.0590],
        [ 0.0174,  0.0052,  0.0062,  ..., -0.0045,  0.0119, -0.0151],
        [-0.0023, -0.0046, -0.0059,  ..., -0.0009,  0.0055, -0.0107]],
       device='cuda:0'), True), (-15.909320552280402, '<s>一里、、、风，一来天</s>', tensor([[ 0.0187,  0.0084,  0.0110,  ..., -0.0121,  0.0124, -0.0117],
        [ 0.0046,  0.0095, -0.0148,  ..., -0.0366,  0.0465, -0.0590],
        [-0.0014, -0.0003, -0.0033,  ...,  0.0037, -0.0049, -0.0081],
        ...,
        [ 0.0174,  0.0052,  0.0062,  ..., -0.0045,  0.0119, -0.0151],
        [ 0.0138,  0.0084,  0.0154,  ..., -0.0062,  0.0129, -0.0135],
        [-0.0023, -0.0046, -0.0059,  ..., -0.0009,  0.0055, -0.0107]],
       device='cuda:0'), True)]
[(-17.399805036458098, '<s>一里、、、风，一来</s>', tensor([[ 0.0187,  0.0084,  0.0110,  ..., -0.0121,  0.0124, -0.0117],
        [ 0.0046,  0.0095, -0.0148,  ..., -0.0366,  0.0465, -0.0590],
        [-0.0014, -0.0003, -0.0033,  ...,  0.0037, -0.0049, -0.0081],
        ...,
        [ 0.0046,  0.0095, -0.0148,  ..., -0.0366,  0.0465, -0.0590],
        [ 0.0174,  0.0052,  0.0062,  ..., -0.0045,  0.0119, -0.0151],
        [-0.0023, -0.0046, -0.0059,  ..., -0.0009,  0.0055, -0.0107]],
       device='cuda:0'), True), (-15.909320552280402, '<s>一里、、、风，一来天</s>', tensor([[ 0.0187,  0.0084,  0.0110,  ..., -0.0121,  0.0124, -0.0117],
        [ 0.0046,  0.0095, -0.0148,  ..., -0.0366,  0.0465, -0.0590],
        [-0.0014, -0.0003, -0.0033,  ...,  0.0037, -0.0049, -0.0081],
        ...,
        [ 0.0174,  0.0052,  0.0062,  ..., -0.0045,  0.0119, -0.0151],
        [ 0.0138,  0.0084,  0.0154,  ..., -0.0062,  0.0129, -0.0135],
        [-0.0023, -0.0046, -0.0059,  ..., -0.0009,  0.0055, -0.0107]],
       device='cuda:0'), True)]
[(-17.399805036458098, '<s>一里、、、风，一来</s>', tensor([[ 0.0187,  0.0084,  0.0110,  ..., -0.0121,  0.0124, -0.0117],
        [ 0.0046,  0.0095, -0.0148,  ..., -0.0366,  0.0465, -0.0590],
        [-0.0014, -0.0003, -0.0033,  ...,  0.0037, -0.0049, -0.0081],
        ...,
        [ 0.0046,  0.0095, -0.0148,  ..., -0.0366,  0.0465, -0.0590],
        [ 0.0174,  0.0052,  0.0062,  ..., -0.0045,  0.0119, -0.0151],
        [-0.0023, -0.0046, -0.0059,  ..., -0.0009,  0.0055, -0.0107]],
       device='cuda:0'), True), (-15.909320552280402, '<s>一里、、、风，一来天</s>', tensor([[ 0.0187,  0.0084,  0.0110,  ..., -0.0121,  0.0124, -0.0117],
        [ 0.0046,  0.0095, -0.0148,  ..., -0.0366,  0.0465, -0.0590],
        [-0.0014, -0.0003, -0.0033,  ...,  0.0037, -0.0049, -0.0081],
        ...,
        [ 0.0174,  0.0052,  0.0062,  ..., -0.0045,  0.0119, -0.0151],
        [ 0.0138,  0.0084,  0.0154,  ..., -0.0062,  0.0129, -0.0135],
        [-0.0023, -0.0046, -0.0059,  ..., -0.0009,  0.0055, -0.0107]],
       device='cuda:0'), True)]
[(-17.399805036458098, '<s>一里、、、风，一来</s>', tensor([[ 0.0187,  0.0084,  0.0110,  ..., -0.0121,  0.0124, -0.0117],
        [ 0.0046,  0.0095, -0.0148,  ..., -0.0366,  0.0465, -0.0590],
        [-0.0014, -0.0003, -0.0033,  ...,  0.0037, -0.0049, -0.0081],
        ...,
        [ 0.0046,  0.0095, -0.0148,  ..., -0.0366,  0.0465, -0.0590],
        [ 0.0174,  0.0052,  0.0062,  ..., -0.0045,  0.0119, -0.0151],
        [-0.0023, -0.0046, -0.0059,  ..., -0.0009,  0.0055, -0.0107]],
       device='cuda:0'), True), (-15.909320552280402, '<s>一里、、、风，一来天</s>', tensor([[ 0.0187,  0.0084,  0.0110,  ..., -0.0121,  0.0124, -0.0117],
        [ 0.0046,  0.0095, -0.0148,  ..., -0.0366,  0.0465, -0.0590],
        [-0.0014, -0.0003, -0.0033,  ...,  0.0037, -0.0049, -0.0081],
        ...,
        [ 0.0174,  0.0052,  0.0062,  ..., -0.0045,  0.0119, -0.0151],
        [ 0.0138,  0.0084,  0.0154,  ..., -0.0062,  0.0129, -0.0135],
        [-0.0023, -0.0046, -0.0059,  ..., -0.0009,  0.0055, -0.0107]],
       device='cuda:0'), True)]
[(-17.399805036458098, '<s>一里、、、风，一来</s>', tensor([[ 0.0187,  0.0084,  0.0110,  ..., -0.0121,  0.0124, -0.0117],
        [ 0.0046,  0.0095, -0.0148,  ..., -0.0366,  0.0465, -0.0590],
        [-0.0014, -0.0003, -0.0033,  ...,  0.0037, -0.0049, -0.0081],
        ...,
        [ 0.0046,  0.0095, -0.0148,  ..., -0.0366,  0.0465, -0.0590],
        [ 0.0174,  0.0052,  0.0062,  ..., -0.0045,  0.0119, -0.0151],
        [-0.0023, -0.0046, -0.0059,  ..., -0.0009,  0.0055, -0.0107]],
       device='cuda:0'), True), (-15.909320552280402, '<s>一里、、、风，一来天</s>', tensor([[ 0.0187,  0.0084,  0.0110,  ..., -0.0121,  0.0124, -0.0117],
        [ 0.0046,  0.0095, -0.0148,  ..., -0.0366,  0.0465, -0.0590],
        [-0.0014, -0.0003, -0.0033,  ...,  0.0037, -0.0049, -0.0081],
        ...,
        [ 0.0174,  0.0052,  0.0062,  ..., -0.0045,  0.0119, -0.0151],
        [ 0.0138,  0.0084,  0.0154,  ..., -0.0062,  0.0129, -0.0135],
        [-0.0023, -0.0046, -0.0059,  ..., -0.0009,  0.0055, -0.0107]],
       device='cuda:0'), True)]
[(-17.399805036458098, '<s>一里、、、风，一来</s>', tensor([[ 0.0187,  0.0084,  0.0110,  ..., -0.0121,  0.0124, -0.0117],
        [ 0.0046,  0.0095, -0.0148,  ..., -0.0366,  0.0465, -0.0590],
        [-0.0014, -0.0003, -0.0033,  ...,  0.0037, -0.0049, -0.0081],
        ...,
        [ 0.0046,  0.0095, -0.0148,  ..., -0.0366,  0.0465, -0.0590],
        [ 0.0174,  0.0052,  0.0062,  ..., -0.0045,  0.0119, -0.0151],
        [-0.0023, -0.0046, -0.0059,  ..., -0.0009,  0.0055, -0.0107]],
       device='cuda:0'), True), (-15.909320552280402, '<s>一里、、、风，一来天</s>', tensor([[ 0.0187,  0.0084,  0.0110,  ..., -0.0121,  0.0124, -0.0117],
        [ 0.0046,  0.0095, -0.0148,  ..., -0.0366,  0.0465, -0.0590],
        [-0.0014, -0.0003, -0.0033,  ...,  0.0037, -0.0049, -0.0081],
        ...,
        [ 0.0174,  0.0052,  0.0062,  ..., -0.0045,  0.0119, -0.0151],
        [ 0.0138,  0.0084,  0.0154,  ..., -0.0062,  0.0129, -0.0135],
        [-0.0023, -0.0046, -0.0059,  ..., -0.0009,  0.0055, -0.0107]],
       device='cuda:0'), True)]
[(-17.399805036458098, '<s>一里、、、风，一来</s>', tensor([[ 0.0187,  0.0084,  0.0110,  ..., -0.0121,  0.0124, -0.0117],
        [ 0.0046,  0.0095, -0.0148,  ..., -0.0366,  0.0465, -0.0590],
        [-0.0014, -0.0003, -0.0033,  ...,  0.0037, -0.0049, -0.0081],
        ...,
        [ 0.0046,  0.0095, -0.0148,  ..., -0.0366,  0.0465, -0.0590],
        [ 0.0174,  0.0052,  0.0062,  ..., -0.0045,  0.0119, -0.0151],
        [-0.0023, -0.0046, -0.0059,  ..., -0.0009,  0.0055, -0.0107]],
       device='cuda:0'), True), (-15.909320552280402, '<s>一里、、、风，一来天</s>', tensor([[ 0.0187,  0.0084,  0.0110,  ..., -0.0121,  0.0124, -0.0117],
        [ 0.0046,  0.0095, -0.0148,  ..., -0.0366,  0.0465, -0.0590],
        [-0.0014, -0.0003, -0.0033,  ...,  0.0037, -0.0049, -0.0081],
        ...,
        [ 0.0174,  0.0052,  0.0062,  ..., -0.0045,  0.0119, -0.0151],
        [ 0.0138,  0.0084,  0.0154,  ..., -0.0062,  0.0129, -0.0135],
        [-0.0023, -0.0046, -0.0059,  ..., -0.0009,  0.0055, -0.0107]],
       device='cuda:0'), True)]
[(-17.399805036458098, '<s>一里、、、风，一来</s>', tensor([[ 0.0187,  0.0084,  0.0110,  ..., -0.0121,  0.0124, -0.0117],
        [ 0.0046,  0.0095, -0.0148,  ..., -0.0366,  0.0465, -0.0590],
        [-0.0014, -0.0003, -0.0033,  ...,  0.0037, -0.0049, -0.0081],
        ...,
        [ 0.0046,  0.0095, -0.0148,  ..., -0.0366,  0.0465, -0.0590],
        [ 0.0174,  0.0052,  0.0062,  ..., -0.0045,  0.0119, -0.0151],
        [-0.0023, -0.0046, -0.0059,  ..., -0.0009,  0.0055, -0.0107]],
       device='cuda:0'), True), (-15.909320552280402, '<s>一里、、、风，一来天</s>', tensor([[ 0.0187,  0.0084,  0.0110,  ..., -0.0121,  0.0124, -0.0117],
        [ 0.0046,  0.0095, -0.0148,  ..., -0.0366,  0.0465, -0.0590],
        [-0.0014, -0.0003, -0.0033,  ...,  0.0037, -0.0049, -0.0081],
        ...,
        [ 0.0174,  0.0052,  0.0062,  ..., -0.0045,  0.0119, -0.0151],
        [ 0.0138,  0.0084,  0.0154,  ..., -0.0062,  0.0129, -0.0135],
        [-0.0023, -0.0046, -0.0059,  ..., -0.0009,  0.0055, -0.0107]],
       device='cuda:0'), True)]
[(-17.399805036458098, '<s>一里、、、风，一来</s>', tensor([[ 0.0187,  0.0084,  0.0110,  ..., -0.0121,  0.0124, -0.0117],
        [ 0.0046,  0.0095, -0.0148,  ..., -0.0366,  0.0465, -0.0590],
        [-0.0014, -0.0003, -0.0033,  ...,  0.0037, -0.0049, -0.0081],
        ...,
        [ 0.0046,  0.0095, -0.0148,  ..., -0.0366,  0.0465, -0.0590],
        [ 0.0174,  0.0052,  0.0062,  ..., -0.0045,  0.0119, -0.0151],
        [-0.0023, -0.0046, -0.0059,  ..., -0.0009,  0.0055, -0.0107]],
       device='cuda:0'), True), (-15.909320552280402, '<s>一里、、、风，一来天</s>', tensor([[ 0.0187,  0.0084,  0.0110,  ..., -0.0121,  0.0124, -0.0117],
        [ 0.0046,  0.0095, -0.0148,  ..., -0.0366,  0.0465, -0.0590],
        [-0.0014, -0.0003, -0.0033,  ...,  0.0037, -0.0049, -0.0081],
        ...,
        [ 0.0174,  0.0052,  0.0062,  ..., -0.0045,  0.0119, -0.0151],
        [ 0.0138,  0.0084,  0.0154,  ..., -0.0062,  0.0129, -0.0135],
        [-0.0023, -0.0046, -0.0059,  ..., -0.0009,  0.0055, -0.0107]],
       device='cuda:0'), True)]
[(-17.399805036458098, '<s>一里、、、风，一来</s>', tensor([[ 0.0187,  0.0084,  0.0110,  ..., -0.0121,  0.0124, -0.0117],
        [ 0.0046,  0.0095, -0.0148,  ..., -0.0366,  0.0465, -0.0590],
        [-0.0014, -0.0003, -0.0033,  ...,  0.0037, -0.0049, -0.0081],
        ...,
        [ 0.0046,  0.0095, -0.0148,  ..., -0.0366,  0.0465, -0.0590],
        [ 0.0174,  0.0052,  0.0062,  ..., -0.0045,  0.0119, -0.0151],
        [-0.0023, -0.0046, -0.0059,  ..., -0.0009,  0.0055, -0.0107]],
       device='cuda:0'), True), (-15.909320552280402, '<s>一里、、、风，一来天</s>', tensor([[ 0.0187,  0.0084,  0.0110,  ..., -0.0121,  0.0124, -0.0117],
        [ 0.0046,  0.0095, -0.0148,  ..., -0.0366,  0.0465, -0.0590],
        [-0.0014, -0.0003, -0.0033,  ...,  0.0037, -0.0049, -0.0081],
        ...,
        [ 0.0174,  0.0052,  0.0062,  ..., -0.0045,  0.0119, -0.0151],
        [ 0.0138,  0.0084,  0.0154,  ..., -0.0062,  0.0129, -0.0135],
        [-0.0023, -0.0046, -0.0059,  ..., -0.0009,  0.0055, -0.0107]],
       device='cuda:0'), True)]
[(-17.399805036458098, '<s>一里、、、风，一来</s>', tensor([[ 0.0187,  0.0084,  0.0110,  ..., -0.0121,  0.0124, -0.0117],
        [ 0.0046,  0.0095, -0.0148,  ..., -0.0366,  0.0465, -0.0590],
        [-0.0014, -0.0003, -0.0033,  ...,  0.0037, -0.0049, -0.0081],
        ...,
        [ 0.0046,  0.0095, -0.0148,  ..., -0.0366,  0.0465, -0.0590],
        [ 0.0174,  0.0052,  0.0062,  ..., -0.0045,  0.0119, -0.0151],
        [-0.0023, -0.0046, -0.0059,  ..., -0.0009,  0.0055, -0.0107]],
       device='cuda:0'), True), (-15.909320552280402, '<s>一里、、、风，一来天</s>', tensor([[ 0.0187,  0.0084,  0.0110,  ..., -0.0121,  0.0124, -0.0117],
        [ 0.0046,  0.0095, -0.0148,  ..., -0.0366,  0.0465, -0.0590],
        [-0.0014, -0.0003, -0.0033,  ...,  0.0037, -0.0049, -0.0081],
        ...,
        [ 0.0174,  0.0052,  0.0062,  ..., -0.0045,  0.0119, -0.0151],
        [ 0.0138,  0.0084,  0.0154,  ..., -0.0062,  0.0129, -0.0135],
        [-0.0023, -0.0046, -0.0059,  ..., -0.0009,  0.0055, -0.0107]],
       device='cuda:0'), True)]
[(-17.399805036458098, '<s>一里、、、风，一来</s>', tensor([[ 0.0187,  0.0084,  0.0110,  ..., -0.0121,  0.0124, -0.0117],
        [ 0.0046,  0.0095, -0.0148,  ..., -0.0366,  0.0465, -0.0590],
        [-0.0014, -0.0003, -0.0033,  ...,  0.0037, -0.0049, -0.0081],
        ...,
        [ 0.0046,  0.0095, -0.0148,  ..., -0.0366,  0.0465, -0.0590],
        [ 0.0174,  0.0052,  0.0062,  ..., -0.0045,  0.0119, -0.0151],
        [-0.0023, -0.0046, -0.0059,  ..., -0.0009,  0.0055, -0.0107]],
       device='cuda:0'), True), (-15.909320552280402, '<s>一里、、、风，一来天</s>', tensor([[ 0.0187,  0.0084,  0.0110,  ..., -0.0121,  0.0124, -0.0117],
        [ 0.0046,  0.0095, -0.0148,  ..., -0.0366,  0.0465, -0.0590],
        [-0.0014, -0.0003, -0.0033,  ...,  0.0037, -0.0049, -0.0081],
        ...,
        [ 0.0174,  0.0052,  0.0062,  ..., -0.0045,  0.0119, -0.0151],
        [ 0.0138,  0.0084,  0.0154,  ..., -0.0062,  0.0129, -0.0135],
        [-0.0023, -0.0046, -0.0059,  ..., -0.0009,  0.0055, -0.0107]],
       device='cuda:0'), True)]
[(-17.399805036458098, '<s>一里、、、风，一来</s>', tensor([[ 0.0187,  0.0084,  0.0110,  ..., -0.0121,  0.0124, -0.0117],
        [ 0.0046,  0.0095, -0.0148,  ..., -0.0366,  0.0465, -0.0590],
        [-0.0014, -0.0003, -0.0033,  ...,  0.0037, -0.0049, -0.0081],
        ...,
        [ 0.0046,  0.0095, -0.0148,  ..., -0.0366,  0.0465, -0.0590],
        [ 0.0174,  0.0052,  0.0062,  ..., -0.0045,  0.0119, -0.0151],
        [-0.0023, -0.0046, -0.0059,  ..., -0.0009,  0.0055, -0.0107]],
       device='cuda:0'), True), (-15.909320552280402, '<s>一里、、、风，一来天</s>', tensor([[ 0.0187,  0.0084,  0.0110,  ..., -0.0121,  0.0124, -0.0117],
        [ 0.0046,  0.0095, -0.0148,  ..., -0.0366,  0.0465, -0.0590],
        [-0.0014, -0.0003, -0.0033,  ...,  0.0037, -0.0049, -0.0081],
        ...,
        [ 0.0174,  0.0052,  0.0062,  ..., -0.0045,  0.0119, -0.0151],
        [ 0.0138,  0.0084,  0.0154,  ..., -0.0062,  0.0129, -0.0135],
        [-0.0023, -0.0046, -0.0059,  ..., -0.0009,  0.0055, -0.0107]],
       device='cuda:0'), True)]
[(-17.399805036458098, '<s>一里、、、风，一来</s>', tensor([[ 0.0187,  0.0084,  0.0110,  ..., -0.0121,  0.0124, -0.0117],
        [ 0.0046,  0.0095, -0.0148,  ..., -0.0366,  0.0465, -0.0590],
        [-0.0014, -0.0003, -0.0033,  ...,  0.0037, -0.0049, -0.0081],
        ...,
        [ 0.0046,  0.0095, -0.0148,  ..., -0.0366,  0.0465, -0.0590],
        [ 0.0174,  0.0052,  0.0062,  ..., -0.0045,  0.0119, -0.0151],
        [-0.0023, -0.0046, -0.0059,  ..., -0.0009,  0.0055, -0.0107]],
       device='cuda:0'), True), (-15.909320552280402, '<s>一里、、、风，一来天</s>', tensor([[ 0.0187,  0.0084,  0.0110,  ..., -0.0121,  0.0124, -0.0117],
        [ 0.0046,  0.0095, -0.0148,  ..., -0.0366,  0.0465, -0.0590],
        [-0.0014, -0.0003, -0.0033,  ...,  0.0037, -0.0049, -0.0081],
        ...,
        [ 0.0174,  0.0052,  0.0062,  ..., -0.0045,  0.0119, -0.0151],
        [ 0.0138,  0.0084,  0.0154,  ..., -0.0062,  0.0129, -0.0135],
        [-0.0023, -0.0046, -0.0059,  ..., -0.0009,  0.0055, -0.0107]],
       device='cuda:0'), True)]
[(-17.399805036458098, '<s>一里、、、风，一来</s>', tensor([[ 0.0187,  0.0084,  0.0110,  ..., -0.0121,  0.0124, -0.0117],
        [ 0.0046,  0.0095, -0.0148,  ..., -0.0366,  0.0465, -0.0590],
        [-0.0014, -0.0003, -0.0033,  ...,  0.0037, -0.0049, -0.0081],
        ...,
        [ 0.0046,  0.0095, -0.0148,  ..., -0.0366,  0.0465, -0.0590],
        [ 0.0174,  0.0052,  0.0062,  ..., -0.0045,  0.0119, -0.0151],
        [-0.0023, -0.0046, -0.0059,  ..., -0.0009,  0.0055, -0.0107]],
       device='cuda:0'), True), (-15.909320552280402, '<s>一里、、、风，一来天</s>', tensor([[ 0.0187,  0.0084,  0.0110,  ..., -0.0121,  0.0124, -0.0117],
        [ 0.0046,  0.0095, -0.0148,  ..., -0.0366,  0.0465, -0.0590],
        [-0.0014, -0.0003, -0.0033,  ...,  0.0037, -0.0049, -0.0081],
        ...,
        [ 0.0174,  0.0052,  0.0062,  ..., -0.0045,  0.0119, -0.0151],
        [ 0.0138,  0.0084,  0.0154,  ..., -0.0062,  0.0129, -0.0135],
        [-0.0023, -0.0046, -0.0059,  ..., -0.0009,  0.0055, -0.0107]],
       device='cuda:0'), True)]
[(-17.399805036458098, '<s>一里、、、风，一来</s>', tensor([[ 0.0187,  0.0084,  0.0110,  ..., -0.0121,  0.0124, -0.0117],
        [ 0.0046,  0.0095, -0.0148,  ..., -0.0366,  0.0465, -0.0590],
        [-0.0014, -0.0003, -0.0033,  ...,  0.0037, -0.0049, -0.0081],
        ...,
        [ 0.0046,  0.0095, -0.0148,  ..., -0.0366,  0.0465, -0.0590],
        [ 0.0174,  0.0052,  0.0062,  ..., -0.0045,  0.0119, -0.0151],
        [-0.0023, -0.0046, -0.0059,  ..., -0.0009,  0.0055, -0.0107]],
       device='cuda:0'), True), (-15.909320552280402, '<s>一里、、、风，一来天</s>', tensor([[ 0.0187,  0.0084,  0.0110,  ..., -0.0121,  0.0124, -0.0117],
        [ 0.0046,  0.0095, -0.0148,  ..., -0.0366,  0.0465, -0.0590],
        [-0.0014, -0.0003, -0.0033,  ...,  0.0037, -0.0049, -0.0081],
        ...,
        [ 0.0174,  0.0052,  0.0062,  ..., -0.0045,  0.0119, -0.0151],
        [ 0.0138,  0.0084,  0.0154,  ..., -0.0062,  0.0129, -0.0135],
        [-0.0023, -0.0046, -0.0059,  ..., -0.0009,  0.0055, -0.0107]],
       device='cuda:0'), True)]
[(-17.399805036458098, '<s>一里、、、风，一来</s>', tensor([[ 0.0187,  0.0084,  0.0110,  ..., -0.0121,  0.0124, -0.0117],
        [ 0.0046,  0.0095, -0.0148,  ..., -0.0366,  0.0465, -0.0590],
        [-0.0014, -0.0003, -0.0033,  ...,  0.0037, -0.0049, -0.0081],
        ...,
        [ 0.0046,  0.0095, -0.0148,  ..., -0.0366,  0.0465, -0.0590],
        [ 0.0174,  0.0052,  0.0062,  ..., -0.0045,  0.0119, -0.0151],
        [-0.0023, -0.0046, -0.0059,  ..., -0.0009,  0.0055, -0.0107]],
       device='cuda:0'), True), (-15.909320552280402, '<s>一里、、、风，一来天</s>', tensor([[ 0.0187,  0.0084,  0.0110,  ..., -0.0121,  0.0124, -0.0117],
        [ 0.0046,  0.0095, -0.0148,  ..., -0.0366,  0.0465, -0.0590],
        [-0.0014, -0.0003, -0.0033,  ...,  0.0037, -0.0049, -0.0081],
        ...,
        [ 0.0174,  0.0052,  0.0062,  ..., -0.0045,  0.0119, -0.0151],
        [ 0.0138,  0.0084,  0.0154,  ..., -0.0062,  0.0129, -0.0135],
        [-0.0023, -0.0046, -0.0059,  ..., -0.0009,  0.0055, -0.0107]],
       device='cuda:0'), True)]
[(-17.399805036458098, '<s>一里、、、风，一来</s>', tensor([[ 0.0187,  0.0084,  0.0110,  ..., -0.0121,  0.0124, -0.0117],
        [ 0.0046,  0.0095, -0.0148,  ..., -0.0366,  0.0465, -0.0590],
        [-0.0014, -0.0003, -0.0033,  ...,  0.0037, -0.0049, -0.0081],
        ...,
        [ 0.0046,  0.0095, -0.0148,  ..., -0.0366,  0.0465, -0.0590],
        [ 0.0174,  0.0052,  0.0062,  ..., -0.0045,  0.0119, -0.0151],
        [-0.0023, -0.0046, -0.0059,  ..., -0.0009,  0.0055, -0.0107]],
       device='cuda:0'), True), (-15.909320552280402, '<s>一里、、、风，一来天</s>', tensor([[ 0.0187,  0.0084,  0.0110,  ..., -0.0121,  0.0124, -0.0117],
        [ 0.0046,  0.0095, -0.0148,  ..., -0.0366,  0.0465, -0.0590],
        [-0.0014, -0.0003, -0.0033,  ...,  0.0037, -0.0049, -0.0081],
        ...,
        [ 0.0174,  0.0052,  0.0062,  ..., -0.0045,  0.0119, -0.0151],
        [ 0.0138,  0.0084,  0.0154,  ..., -0.0062,  0.0129, -0.0135],
        [-0.0023, -0.0046, -0.0059,  ..., -0.0009,  0.0055, -0.0107]],
       device='cuda:0'), True)]
[(-17.399805036458098, '<s>一里、、、风，一来</s>', tensor([[ 0.0187,  0.0084,  0.0110,  ..., -0.0121,  0.0124, -0.0117],
        [ 0.0046,  0.0095, -0.0148,  ..., -0.0366,  0.0465, -0.0590],
        [-0.0014, -0.0003, -0.0033,  ...,  0.0037, -0.0049, -0.0081],
        ...,
        [ 0.0046,  0.0095, -0.0148,  ..., -0.0366,  0.0465, -0.0590],
        [ 0.0174,  0.0052,  0.0062,  ..., -0.0045,  0.0119, -0.0151],
        [-0.0023, -0.0046, -0.0059,  ..., -0.0009,  0.0055, -0.0107]],
       device='cuda:0'), True), (-15.909320552280402, '<s>一里、、、风，一来天</s>', tensor([[ 0.0187,  0.0084,  0.0110,  ..., -0.0121,  0.0124, -0.0117],
        [ 0.0046,  0.0095, -0.0148,  ..., -0.0366,  0.0465, -0.0590],
        [-0.0014, -0.0003, -0.0033,  ...,  0.0037, -0.0049, -0.0081],
        ...,
        [ 0.0174,  0.0052,  0.0062,  ..., -0.0045,  0.0119, -0.0151],
        [ 0.0138,  0.0084,  0.0154,  ..., -0.0062,  0.0129, -0.0135],
        [-0.0023, -0.0046, -0.0059,  ..., -0.0009,  0.0055, -0.0107]],
       device='cuda:0'), True)]
[(-17.399805036458098, '<s>一里、、、风，一来</s>', tensor([[ 0.0187,  0.0084,  0.0110,  ..., -0.0121,  0.0124, -0.0117],
        [ 0.0046,  0.0095, -0.0148,  ..., -0.0366,  0.0465, -0.0590],
        [-0.0014, -0.0003, -0.0033,  ...,  0.0037, -0.0049, -0.0081],
        ...,
        [ 0.0046,  0.0095, -0.0148,  ..., -0.0366,  0.0465, -0.0590],
        [ 0.0174,  0.0052,  0.0062,  ..., -0.0045,  0.0119, -0.0151],
        [-0.0023, -0.0046, -0.0059,  ..., -0.0009,  0.0055, -0.0107]],
       device='cuda:0'), True), (-15.909320552280402, '<s>一里、、、风，一来天</s>', tensor([[ 0.0187,  0.0084,  0.0110,  ..., -0.0121,  0.0124, -0.0117],
        [ 0.0046,  0.0095, -0.0148,  ..., -0.0366,  0.0465, -0.0590],
        [-0.0014, -0.0003, -0.0033,  ...,  0.0037, -0.0049, -0.0081],
        ...,
        [ 0.0174,  0.0052,  0.0062,  ..., -0.0045,  0.0119, -0.0151],
        [ 0.0138,  0.0084,  0.0154,  ..., -0.0062,  0.0129, -0.0135],
        [-0.0023, -0.0046, -0.0059,  ..., -0.0009,  0.0055, -0.0107]],
       device='cuda:0'), True)]
[(-17.399805036458098, '<s>一里、、、风，一来</s>', tensor([[ 0.0187,  0.0084,  0.0110,  ..., -0.0121,  0.0124, -0.0117],
        [ 0.0046,  0.0095, -0.0148,  ..., -0.0366,  0.0465, -0.0590],
        [-0.0014, -0.0003, -0.0033,  ...,  0.0037, -0.0049, -0.0081],
        ...,
        [ 0.0046,  0.0095, -0.0148,  ..., -0.0366,  0.0465, -0.0590],
        [ 0.0174,  0.0052,  0.0062,  ..., -0.0045,  0.0119, -0.0151],
        [-0.0023, -0.0046, -0.0059,  ..., -0.0009,  0.0055, -0.0107]],
       device='cuda:0'), True), (-15.909320552280402, '<s>一里、、、风，一来天</s>', tensor([[ 0.0187,  0.0084,  0.0110,  ..., -0.0121,  0.0124, -0.0117],
        [ 0.0046,  0.0095, -0.0148,  ..., -0.0366,  0.0465, -0.0590],
        [-0.0014, -0.0003, -0.0033,  ...,  0.0037, -0.0049, -0.0081],
        ...,
        [ 0.0174,  0.0052,  0.0062,  ..., -0.0045,  0.0119, -0.0151],
        [ 0.0138,  0.0084,  0.0154,  ..., -0.0062,  0.0129, -0.0135],
        [-0.0023, -0.0046, -0.0059,  ..., -0.0009,  0.0055, -0.0107]],
       device='cuda:0'), True)]
[(-17.399805036458098, '<s>一里、、、风，一来</s>', tensor([[ 0.0187,  0.0084,  0.0110,  ..., -0.0121,  0.0124, -0.0117],
        [ 0.0046,  0.0095, -0.0148,  ..., -0.0366,  0.0465, -0.0590],
        [-0.0014, -0.0003, -0.0033,  ...,  0.0037, -0.0049, -0.0081],
        ...,
        [ 0.0046,  0.0095, -0.0148,  ..., -0.0366,  0.0465, -0.0590],
        [ 0.0174,  0.0052,  0.0062,  ..., -0.0045,  0.0119, -0.0151],
        [-0.0023, -0.0046, -0.0059,  ..., -0.0009,  0.0055, -0.0107]],
       device='cuda:0'), True), (-15.909320552280402, '<s>一里、、、风，一来天</s>', tensor([[ 0.0187,  0.0084,  0.0110,  ..., -0.0121,  0.0124, -0.0117],
        [ 0.0046,  0.0095, -0.0148,  ..., -0.0366,  0.0465, -0.0590],
        [-0.0014, -0.0003, -0.0033,  ...,  0.0037, -0.0049, -0.0081],
        ...,
        [ 0.0174,  0.0052,  0.0062,  ..., -0.0045,  0.0119, -0.0151],
        [ 0.0138,  0.0084,  0.0154,  ..., -0.0062,  0.0129, -0.0135],
        [-0.0023, -0.0046, -0.0059,  ..., -0.0009,  0.0055, -0.0107]],
       device='cuda:0'), True)]
[(-17.399805036458098, '<s>一里、、、风，一来</s>', tensor([[ 0.0187,  0.0084,  0.0110,  ..., -0.0121,  0.0124, -0.0117],
        [ 0.0046,  0.0095, -0.0148,  ..., -0.0366,  0.0465, -0.0590],
        [-0.0014, -0.0003, -0.0033,  ...,  0.0037, -0.0049, -0.0081],
        ...,
        [ 0.0046,  0.0095, -0.0148,  ..., -0.0366,  0.0465, -0.0590],
        [ 0.0174,  0.0052,  0.0062,  ..., -0.0045,  0.0119, -0.0151],
        [-0.0023, -0.0046, -0.0059,  ..., -0.0009,  0.0055, -0.0107]],
       device='cuda:0'), True), (-15.909320552280402, '<s>一里、、、风，一来天</s>', tensor([[ 0.0187,  0.0084,  0.0110,  ..., -0.0121,  0.0124, -0.0117],
        [ 0.0046,  0.0095, -0.0148,  ..., -0.0366,  0.0465, -0.0590],
        [-0.0014, -0.0003, -0.0033,  ...,  0.0037, -0.0049, -0.0081],
        ...,
        [ 0.0174,  0.0052,  0.0062,  ..., -0.0045,  0.0119, -0.0151],
        [ 0.0138,  0.0084,  0.0154,  ..., -0.0062,  0.0129, -0.0135],
        [-0.0023, -0.0046, -0.0059,  ..., -0.0009,  0.0055, -0.0107]],
       device='cuda:0'), True)]
[(-17.399805036458098, '<s>一里、、、风，一来</s>', tensor([[ 0.0187,  0.0084,  0.0110,  ..., -0.0121,  0.0124, -0.0117],
        [ 0.0046,  0.0095, -0.0148,  ..., -0.0366,  0.0465, -0.0590],
        [-0.0014, -0.0003, -0.0033,  ...,  0.0037, -0.0049, -0.0081],
        ...,
        [ 0.0046,  0.0095, -0.0148,  ..., -0.0366,  0.0465, -0.0590],
        [ 0.0174,  0.0052,  0.0062,  ..., -0.0045,  0.0119, -0.0151],
        [-0.0023, -0.0046, -0.0059,  ..., -0.0009,  0.0055, -0.0107]],
       device='cuda:0'), True), (-15.909320552280402, '<s>一里、、、风，一来天</s>', tensor([[ 0.0187,  0.0084,  0.0110,  ..., -0.0121,  0.0124, -0.0117],
        [ 0.0046,  0.0095, -0.0148,  ..., -0.0366,  0.0465, -0.0590],
        [-0.0014, -0.0003, -0.0033,  ...,  0.0037, -0.0049, -0.0081],
        ...,
        [ 0.0174,  0.0052,  0.0062,  ..., -0.0045,  0.0119, -0.0151],
        [ 0.0138,  0.0084,  0.0154,  ..., -0.0062,  0.0129, -0.0135],
        [-0.0023, -0.0046, -0.0059,  ..., -0.0009,  0.0055, -0.0107]],
       device='cuda:0'), True)]
[(-17.399805036458098, '<s>一里、、、风，一来</s>', tensor([[ 0.0187,  0.0084,  0.0110,  ..., -0.0121,  0.0124, -0.0117],
        [ 0.0046,  0.0095, -0.0148,  ..., -0.0366,  0.0465, -0.0590],
        [-0.0014, -0.0003, -0.0033,  ...,  0.0037, -0.0049, -0.0081],
        ...,
        [ 0.0046,  0.0095, -0.0148,  ..., -0.0366,  0.0465, -0.0590],
        [ 0.0174,  0.0052,  0.0062,  ..., -0.0045,  0.0119, -0.0151],
        [-0.0023, -0.0046, -0.0059,  ..., -0.0009,  0.0055, -0.0107]],
       device='cuda:0'), True), (-15.909320552280402, '<s>一里、、、风，一来天</s>', tensor([[ 0.0187,  0.0084,  0.0110,  ..., -0.0121,  0.0124, -0.0117],
        [ 0.0046,  0.0095, -0.0148,  ..., -0.0366,  0.0465, -0.0590],
        [-0.0014, -0.0003, -0.0033,  ...,  0.0037, -0.0049, -0.0081],
        ...,
        [ 0.0174,  0.0052,  0.0062,  ..., -0.0045,  0.0119, -0.0151],
        [ 0.0138,  0.0084,  0.0154,  ..., -0.0062,  0.0129, -0.0135],
        [-0.0023, -0.0046, -0.0059,  ..., -0.0009,  0.0055, -0.0107]],
       device='cuda:0'), True)]
[(-17.399805036458098, '<s>一里、、、风，一来</s>', tensor([[ 0.0187,  0.0084,  0.0110,  ..., -0.0121,  0.0124, -0.0117],
        [ 0.0046,  0.0095, -0.0148,  ..., -0.0366,  0.0465, -0.0590],
        [-0.0014, -0.0003, -0.0033,  ...,  0.0037, -0.0049, -0.0081],
        ...,
        [ 0.0046,  0.0095, -0.0148,  ..., -0.0366,  0.0465, -0.0590],
        [ 0.0174,  0.0052,  0.0062,  ..., -0.0045,  0.0119, -0.0151],
        [-0.0023, -0.0046, -0.0059,  ..., -0.0009,  0.0055, -0.0107]],
       device='cuda:0'), True), (-15.909320552280402, '<s>一里、、、风，一来天</s>', tensor([[ 0.0187,  0.0084,  0.0110,  ..., -0.0121,  0.0124, -0.0117],
        [ 0.0046,  0.0095, -0.0148,  ..., -0.0366,  0.0465, -0.0590],
        [-0.0014, -0.0003, -0.0033,  ...,  0.0037, -0.0049, -0.0081],
        ...,
        [ 0.0174,  0.0052,  0.0062,  ..., -0.0045,  0.0119, -0.0151],
        [ 0.0138,  0.0084,  0.0154,  ..., -0.0062,  0.0129, -0.0135],
        [-0.0023, -0.0046, -0.0059,  ..., -0.0009,  0.0055, -0.0107]],
       device='cuda:0'), True)]
[(-17.399805036458098, '<s>一里、、、风，一来</s>', tensor([[ 0.0187,  0.0084,  0.0110,  ..., -0.0121,  0.0124, -0.0117],
        [ 0.0046,  0.0095, -0.0148,  ..., -0.0366,  0.0465, -0.0590],
        [-0.0014, -0.0003, -0.0033,  ...,  0.0037, -0.0049, -0.0081],
        ...,
        [ 0.0046,  0.0095, -0.0148,  ..., -0.0366,  0.0465, -0.0590],
        [ 0.0174,  0.0052,  0.0062,  ..., -0.0045,  0.0119, -0.0151],
        [-0.0023, -0.0046, -0.0059,  ..., -0.0009,  0.0055, -0.0107]],
       device='cuda:0'), True), (-15.909320552280402, '<s>一里、、、风，一来天</s>', tensor([[ 0.0187,  0.0084,  0.0110,  ..., -0.0121,  0.0124, -0.0117],
        [ 0.0046,  0.0095, -0.0148,  ..., -0.0366,  0.0465, -0.0590],
        [-0.0014, -0.0003, -0.0033,  ...,  0.0037, -0.0049, -0.0081],
        ...,
        [ 0.0174,  0.0052,  0.0062,  ..., -0.0045,  0.0119, -0.0151],
        [ 0.0138,  0.0084,  0.0154,  ..., -0.0062,  0.0129, -0.0135],
        [-0.0023, -0.0046, -0.0059,  ..., -0.0009,  0.0055, -0.0107]],
       device='cuda:0'), True)]
[(-17.399805036458098, '<s>一里、、、风，一来</s>', tensor([[ 0.0187,  0.0084,  0.0110,  ..., -0.0121,  0.0124, -0.0117],
        [ 0.0046,  0.0095, -0.0148,  ..., -0.0366,  0.0465, -0.0590],
        [-0.0014, -0.0003, -0.0033,  ...,  0.0037, -0.0049, -0.0081],
        ...,
        [ 0.0046,  0.0095, -0.0148,  ..., -0.0366,  0.0465, -0.0590],
        [ 0.0174,  0.0052,  0.0062,  ..., -0.0045,  0.0119, -0.0151],
        [-0.0023, -0.0046, -0.0059,  ..., -0.0009,  0.0055, -0.0107]],
       device='cuda:0'), True), (-15.909320552280402, '<s>一里、、、风，一来天</s>', tensor([[ 0.0187,  0.0084,  0.0110,  ..., -0.0121,  0.0124, -0.0117],
        [ 0.0046,  0.0095, -0.0148,  ..., -0.0366,  0.0465, -0.0590],
        [-0.0014, -0.0003, -0.0033,  ...,  0.0037, -0.0049, -0.0081],
        ...,
        [ 0.0174,  0.0052,  0.0062,  ..., -0.0045,  0.0119, -0.0151],
        [ 0.0138,  0.0084,  0.0154,  ..., -0.0062,  0.0129, -0.0135],
        [-0.0023, -0.0046, -0.0059,  ..., -0.0009,  0.0055, -0.0107]],
       device='cuda:0'), True)]
[(-17.399805036458098, '<s>一里、、、风，一来</s>', tensor([[ 0.0187,  0.0084,  0.0110,  ..., -0.0121,  0.0124, -0.0117],
        [ 0.0046,  0.0095, -0.0148,  ..., -0.0366,  0.0465, -0.0590],
        [-0.0014, -0.0003, -0.0033,  ...,  0.0037, -0.0049, -0.0081],
        ...,
        [ 0.0046,  0.0095, -0.0148,  ..., -0.0366,  0.0465, -0.0590],
        [ 0.0174,  0.0052,  0.0062,  ..., -0.0045,  0.0119, -0.0151],
        [-0.0023, -0.0046, -0.0059,  ..., -0.0009,  0.0055, -0.0107]],
       device='cuda:0'), True), (-15.909320552280402, '<s>一里、、、风，一来天</s>', tensor([[ 0.0187,  0.0084,  0.0110,  ..., -0.0121,  0.0124, -0.0117],
        [ 0.0046,  0.0095, -0.0148,  ..., -0.0366,  0.0465, -0.0590],
        [-0.0014, -0.0003, -0.0033,  ...,  0.0037, -0.0049, -0.0081],
        ...,
        [ 0.0174,  0.0052,  0.0062,  ..., -0.0045,  0.0119, -0.0151],
        [ 0.0138,  0.0084,  0.0154,  ..., -0.0062,  0.0129, -0.0135],
        [-0.0023, -0.0046, -0.0059,  ..., -0.0009,  0.0055, -0.0107]],
       device='cuda:0'), True)]
[(-17.399805036458098, '<s>一里、、、风，一来</s>', tensor([[ 0.0187,  0.0084,  0.0110,  ..., -0.0121,  0.0124, -0.0117],
        [ 0.0046,  0.0095, -0.0148,  ..., -0.0366,  0.0465, -0.0590],
        [-0.0014, -0.0003, -0.0033,  ...,  0.0037, -0.0049, -0.0081],
        ...,
        [ 0.0046,  0.0095, -0.0148,  ..., -0.0366,  0.0465, -0.0590],
        [ 0.0174,  0.0052,  0.0062,  ..., -0.0045,  0.0119, -0.0151],
        [-0.0023, -0.0046, -0.0059,  ..., -0.0009,  0.0055, -0.0107]],
       device='cuda:0'), True), (-15.909320552280402, '<s>一里、、、风，一来天</s>', tensor([[ 0.0187,  0.0084,  0.0110,  ..., -0.0121,  0.0124, -0.0117],
        [ 0.0046,  0.0095, -0.0148,  ..., -0.0366,  0.0465, -0.0590],
        [-0.0014, -0.0003, -0.0033,  ...,  0.0037, -0.0049, -0.0081],
        ...,
        [ 0.0174,  0.0052,  0.0062,  ..., -0.0045,  0.0119, -0.0151],
        [ 0.0138,  0.0084,  0.0154,  ..., -0.0062,  0.0129, -0.0135],
        [-0.0023, -0.0046, -0.0059,  ..., -0.0009,  0.0055, -0.0107]],
       device='cuda:0'), True)]
[(-17.399805036458098, '<s>一里、、、风，一来</s>', tensor([[ 0.0187,  0.0084,  0.0110,  ..., -0.0121,  0.0124, -0.0117],
        [ 0.0046,  0.0095, -0.0148,  ..., -0.0366,  0.0465, -0.0590],
        [-0.0014, -0.0003, -0.0033,  ...,  0.0037, -0.0049, -0.0081],
        ...,
        [ 0.0046,  0.0095, -0.0148,  ..., -0.0366,  0.0465, -0.0590],
        [ 0.0174,  0.0052,  0.0062,  ..., -0.0045,  0.0119, -0.0151],
        [-0.0023, -0.0046, -0.0059,  ..., -0.0009,  0.0055, -0.0107]],
       device='cuda:0'), True), (-15.909320552280402, '<s>一里、、、风，一来天</s>', tensor([[ 0.0187,  0.0084,  0.0110,  ..., -0.0121,  0.0124, -0.0117],
        [ 0.0046,  0.0095, -0.0148,  ..., -0.0366,  0.0465, -0.0590],
        [-0.0014, -0.0003, -0.0033,  ...,  0.0037, -0.0049, -0.0081],
        ...,
        [ 0.0174,  0.0052,  0.0062,  ..., -0.0045,  0.0119, -0.0151],
        [ 0.0138,  0.0084,  0.0154,  ..., -0.0062,  0.0129, -0.0135],
        [-0.0023, -0.0046, -0.0059,  ..., -0.0009,  0.0055, -0.0107]],
       device='cuda:0'), True)]
[(-17.399805036458098, '<s>一里、、、风，一来</s>', tensor([[ 0.0187,  0.0084,  0.0110,  ..., -0.0121,  0.0124, -0.0117],
        [ 0.0046,  0.0095, -0.0148,  ..., -0.0366,  0.0465, -0.0590],
        [-0.0014, -0.0003, -0.0033,  ...,  0.0037, -0.0049, -0.0081],
        ...,
        [ 0.0046,  0.0095, -0.0148,  ..., -0.0366,  0.0465, -0.0590],
        [ 0.0174,  0.0052,  0.0062,  ..., -0.0045,  0.0119, -0.0151],
        [-0.0023, -0.0046, -0.0059,  ..., -0.0009,  0.0055, -0.0107]],
       device='cuda:0'), True), (-15.909320552280402, '<s>一里、、、风，一来天</s>', tensor([[ 0.0187,  0.0084,  0.0110,  ..., -0.0121,  0.0124, -0.0117],
        [ 0.0046,  0.0095, -0.0148,  ..., -0.0366,  0.0465, -0.0590],
        [-0.0014, -0.0003, -0.0033,  ...,  0.0037, -0.0049, -0.0081],
        ...,
        [ 0.0174,  0.0052,  0.0062,  ..., -0.0045,  0.0119, -0.0151],
        [ 0.0138,  0.0084,  0.0154,  ..., -0.0062,  0.0129, -0.0135],
        [-0.0023, -0.0046, -0.0059,  ..., -0.0009,  0.0055, -0.0107]],
       device='cuda:0'), True)]
[(-17.399805036458098, '<s>一里、、、风，一来</s>', tensor([[ 0.0187,  0.0084,  0.0110,  ..., -0.0121,  0.0124, -0.0117],
        [ 0.0046,  0.0095, -0.0148,  ..., -0.0366,  0.0465, -0.0590],
        [-0.0014, -0.0003, -0.0033,  ...,  0.0037, -0.0049, -0.0081],
        ...,
        [ 0.0046,  0.0095, -0.0148,  ..., -0.0366,  0.0465, -0.0590],
        [ 0.0174,  0.0052,  0.0062,  ..., -0.0045,  0.0119, -0.0151],
        [-0.0023, -0.0046, -0.0059,  ..., -0.0009,  0.0055, -0.0107]],
       device='cuda:0'), True), (-15.909320552280402, '<s>一里、、、风，一来天</s>', tensor([[ 0.0187,  0.0084,  0.0110,  ..., -0.0121,  0.0124, -0.0117],
        [ 0.0046,  0.0095, -0.0148,  ..., -0.0366,  0.0465, -0.0590],
        [-0.0014, -0.0003, -0.0033,  ...,  0.0037, -0.0049, -0.0081],
        ...,
        [ 0.0174,  0.0052,  0.0062,  ..., -0.0045,  0.0119, -0.0151],
        [ 0.0138,  0.0084,  0.0154,  ..., -0.0062,  0.0129, -0.0135],
        [-0.0023, -0.0046, -0.0059,  ..., -0.0009,  0.0055, -0.0107]],
       device='cuda:0'), True)]
[(-17.399805036458098, '<s>一里、、、风，一来</s>', tensor([[ 0.0187,  0.0084,  0.0110,  ..., -0.0121,  0.0124, -0.0117],
        [ 0.0046,  0.0095, -0.0148,  ..., -0.0366,  0.0465, -0.0590],
        [-0.0014, -0.0003, -0.0033,  ...,  0.0037, -0.0049, -0.0081],
        ...,
        [ 0.0046,  0.0095, -0.0148,  ..., -0.0366,  0.0465, -0.0590],
        [ 0.0174,  0.0052,  0.0062,  ..., -0.0045,  0.0119, -0.0151],
        [-0.0023, -0.0046, -0.0059,  ..., -0.0009,  0.0055, -0.0107]],
       device='cuda:0'), True), (-15.909320552280402, '<s>一里、、、风，一来天</s>', tensor([[ 0.0187,  0.0084,  0.0110,  ..., -0.0121,  0.0124, -0.0117],
        [ 0.0046,  0.0095, -0.0148,  ..., -0.0366,  0.0465, -0.0590],
        [-0.0014, -0.0003, -0.0033,  ...,  0.0037, -0.0049, -0.0081],
        ...,
        [ 0.0174,  0.0052,  0.0062,  ..., -0.0045,  0.0119, -0.0151],
        [ 0.0138,  0.0084,  0.0154,  ..., -0.0062,  0.0129, -0.0135],
        [-0.0023, -0.0046, -0.0059,  ..., -0.0009,  0.0055, -0.0107]],
       device='cuda:0'), True)]
[(-17.399805036458098, '<s>一里、、、风，一来</s>', tensor([[ 0.0187,  0.0084,  0.0110,  ..., -0.0121,  0.0124, -0.0117],
        [ 0.0046,  0.0095, -0.0148,  ..., -0.0366,  0.0465, -0.0590],
        [-0.0014, -0.0003, -0.0033,  ...,  0.0037, -0.0049, -0.0081],
        ...,
        [ 0.0046,  0.0095, -0.0148,  ..., -0.0366,  0.0465, -0.0590],
        [ 0.0174,  0.0052,  0.0062,  ..., -0.0045,  0.0119, -0.0151],
        [-0.0023, -0.0046, -0.0059,  ..., -0.0009,  0.0055, -0.0107]],
       device='cuda:0'), True), (-15.909320552280402, '<s>一里、、、风，一来天</s>', tensor([[ 0.0187,  0.0084,  0.0110,  ..., -0.0121,  0.0124, -0.0117],
        [ 0.0046,  0.0095, -0.0148,  ..., -0.0366,  0.0465, -0.0590],
        [-0.0014, -0.0003, -0.0033,  ...,  0.0037, -0.0049, -0.0081],
        ...,
        [ 0.0174,  0.0052,  0.0062,  ..., -0.0045,  0.0119, -0.0151],
        [ 0.0138,  0.0084,  0.0154,  ..., -0.0062,  0.0129, -0.0135],
        [-0.0023, -0.0046, -0.0059,  ..., -0.0009,  0.0055, -0.0107]],
       device='cuda:0'), True)]
[(-17.399805036458098, '<s>一里、、、风，一来</s>', tensor([[ 0.0187,  0.0084,  0.0110,  ..., -0.0121,  0.0124, -0.0117],
        [ 0.0046,  0.0095, -0.0148,  ..., -0.0366,  0.0465, -0.0590],
        [-0.0014, -0.0003, -0.0033,  ...,  0.0037, -0.0049, -0.0081],
        ...,
        [ 0.0046,  0.0095, -0.0148,  ..., -0.0366,  0.0465, -0.0590],
        [ 0.0174,  0.0052,  0.0062,  ..., -0.0045,  0.0119, -0.0151],
        [-0.0023, -0.0046, -0.0059,  ..., -0.0009,  0.0055, -0.0107]],
       device='cuda:0'), True), (-15.909320552280402, '<s>一里、、、风，一来天</s>', tensor([[ 0.0187,  0.0084,  0.0110,  ..., -0.0121,  0.0124, -0.0117],
        [ 0.0046,  0.0095, -0.0148,  ..., -0.0366,  0.0465, -0.0590],
        [-0.0014, -0.0003, -0.0033,  ...,  0.0037, -0.0049, -0.0081],
        ...,
        [ 0.0174,  0.0052,  0.0062,  ..., -0.0045,  0.0119, -0.0151],
        [ 0.0138,  0.0084,  0.0154,  ..., -0.0062,  0.0129, -0.0135],
        [-0.0023, -0.0046, -0.0059,  ..., -0.0009,  0.0055, -0.0107]],
       device='cuda:0'), True)]
[(-17.399805036458098, '<s>一里、、、风，一来</s>', tensor([[ 0.0187,  0.0084,  0.0110,  ..., -0.0121,  0.0124, -0.0117],
        [ 0.0046,  0.0095, -0.0148,  ..., -0.0366,  0.0465, -0.0590],
        [-0.0014, -0.0003, -0.0033,  ...,  0.0037, -0.0049, -0.0081],
        ...,
        [ 0.0046,  0.0095, -0.0148,  ..., -0.0366,  0.0465, -0.0590],
        [ 0.0174,  0.0052,  0.0062,  ..., -0.0045,  0.0119, -0.0151],
        [-0.0023, -0.0046, -0.0059,  ..., -0.0009,  0.0055, -0.0107]],
       device='cuda:0'), True), (-15.909320552280402, '<s>一里、、、风，一来天</s>', tensor([[ 0.0187,  0.0084,  0.0110,  ..., -0.0121,  0.0124, -0.0117],
        [ 0.0046,  0.0095, -0.0148,  ..., -0.0366,  0.0465, -0.0590],
        [-0.0014, -0.0003, -0.0033,  ...,  0.0037, -0.0049, -0.0081],
        ...,
        [ 0.0174,  0.0052,  0.0062,  ..., -0.0045,  0.0119, -0.0151],
        [ 0.0138,  0.0084,  0.0154,  ..., -0.0062,  0.0129, -0.0135],
        [-0.0023, -0.0046, -0.0059,  ..., -0.0009,  0.0055, -0.0107]],
       device='cuda:0'), True)]
[(-17.399805036458098, '<s>一里、、、风，一来</s>', tensor([[ 0.0187,  0.0084,  0.0110,  ..., -0.0121,  0.0124, -0.0117],
        [ 0.0046,  0.0095, -0.0148,  ..., -0.0366,  0.0465, -0.0590],
        [-0.0014, -0.0003, -0.0033,  ...,  0.0037, -0.0049, -0.0081],
        ...,
        [ 0.0046,  0.0095, -0.0148,  ..., -0.0366,  0.0465, -0.0590],
        [ 0.0174,  0.0052,  0.0062,  ..., -0.0045,  0.0119, -0.0151],
        [-0.0023, -0.0046, -0.0059,  ..., -0.0009,  0.0055, -0.0107]],
       device='cuda:0'), True), (-15.909320552280402, '<s>一里、、、风，一来天</s>', tensor([[ 0.0187,  0.0084,  0.0110,  ..., -0.0121,  0.0124, -0.0117],
        [ 0.0046,  0.0095, -0.0148,  ..., -0.0366,  0.0465, -0.0590],
        [-0.0014, -0.0003, -0.0033,  ...,  0.0037, -0.0049, -0.0081],
        ...,
        [ 0.0174,  0.0052,  0.0062,  ..., -0.0045,  0.0119, -0.0151],
        [ 0.0138,  0.0084,  0.0154,  ..., -0.0062,  0.0129, -0.0135],
        [-0.0023, -0.0046, -0.0059,  ..., -0.0009,  0.0055, -0.0107]],
       device='cuda:0'), True)]
[(-17.399805036458098, '<s>一里、、、风，一来</s>', tensor([[ 0.0187,  0.0084,  0.0110,  ..., -0.0121,  0.0124, -0.0117],
        [ 0.0046,  0.0095, -0.0148,  ..., -0.0366,  0.0465, -0.0590],
        [-0.0014, -0.0003, -0.0033,  ...,  0.0037, -0.0049, -0.0081],
        ...,
        [ 0.0046,  0.0095, -0.0148,  ..., -0.0366,  0.0465, -0.0590],
        [ 0.0174,  0.0052,  0.0062,  ..., -0.0045,  0.0119, -0.0151],
        [-0.0023, -0.0046, -0.0059,  ..., -0.0009,  0.0055, -0.0107]],
       device='cuda:0'), True), (-15.909320552280402, '<s>一里、、、风，一来天</s>', tensor([[ 0.0187,  0.0084,  0.0110,  ..., -0.0121,  0.0124, -0.0117],
        [ 0.0046,  0.0095, -0.0148,  ..., -0.0366,  0.0465, -0.0590],
        [-0.0014, -0.0003, -0.0033,  ...,  0.0037, -0.0049, -0.0081],
        ...,
        [ 0.0174,  0.0052,  0.0062,  ..., -0.0045,  0.0119, -0.0151],
        [ 0.0138,  0.0084,  0.0154,  ..., -0.0062,  0.0129, -0.0135],
        [-0.0023, -0.0046, -0.0059,  ..., -0.0009,  0.0055, -0.0107]],
       device='cuda:0'), True)]
[(-17.399805036458098, '<s>一里、、、风，一来</s>', tensor([[ 0.0187,  0.0084,  0.0110,  ..., -0.0121,  0.0124, -0.0117],
        [ 0.0046,  0.0095, -0.0148,  ..., -0.0366,  0.0465, -0.0590],
        [-0.0014, -0.0003, -0.0033,  ...,  0.0037, -0.0049, -0.0081],
        ...,
        [ 0.0046,  0.0095, -0.0148,  ..., -0.0366,  0.0465, -0.0590],
        [ 0.0174,  0.0052,  0.0062,  ..., -0.0045,  0.0119, -0.0151],
        [-0.0023, -0.0046, -0.0059,  ..., -0.0009,  0.0055, -0.0107]],
       device='cuda:0'), True), (-15.909320552280402, '<s>一里、、、风，一来天</s>', tensor([[ 0.0187,  0.0084,  0.0110,  ..., -0.0121,  0.0124, -0.0117],
        [ 0.0046,  0.0095, -0.0148,  ..., -0.0366,  0.0465, -0.0590],
        [-0.0014, -0.0003, -0.0033,  ...,  0.0037, -0.0049, -0.0081],
        ...,
        [ 0.0174,  0.0052,  0.0062,  ..., -0.0045,  0.0119, -0.0151],
        [ 0.0138,  0.0084,  0.0154,  ..., -0.0062,  0.0129, -0.0135],
        [-0.0023, -0.0046, -0.0059,  ..., -0.0009,  0.0055, -0.0107]],
       device='cuda:0'), True)]
[(-17.399805036458098, '<s>一里、、、风，一来</s>', tensor([[ 0.0187,  0.0084,  0.0110,  ..., -0.0121,  0.0124, -0.0117],
        [ 0.0046,  0.0095, -0.0148,  ..., -0.0366,  0.0465, -0.0590],
        [-0.0014, -0.0003, -0.0033,  ...,  0.0037, -0.0049, -0.0081],
        ...,
        [ 0.0046,  0.0095, -0.0148,  ..., -0.0366,  0.0465, -0.0590],
        [ 0.0174,  0.0052,  0.0062,  ..., -0.0045,  0.0119, -0.0151],
        [-0.0023, -0.0046, -0.0059,  ..., -0.0009,  0.0055, -0.0107]],
       device='cuda:0'), True), (-15.909320552280402, '<s>一里、、、风，一来天</s>', tensor([[ 0.0187,  0.0084,  0.0110,  ..., -0.0121,  0.0124, -0.0117],
        [ 0.0046,  0.0095, -0.0148,  ..., -0.0366,  0.0465, -0.0590],
        [-0.0014, -0.0003, -0.0033,  ...,  0.0037, -0.0049, -0.0081],
        ...,
        [ 0.0174,  0.0052,  0.0062,  ..., -0.0045,  0.0119, -0.0151],
        [ 0.0138,  0.0084,  0.0154,  ..., -0.0062,  0.0129, -0.0135],
        [-0.0023, -0.0046, -0.0059,  ..., -0.0009,  0.0055, -0.0107]],
       device='cuda:0'), True)]
改革春风吹满地--> <s>一里、、、风，一来天</s>
--------------------------------------------------
